"C:\Program Files\Java\jdk1.8.0_73\bin\java" "-javaagent:C:\Program Files\JetBrains\IntelliJ IDEA Community Edition 2017.3.3\lib\idea_rt.jar=2876:C:\Program Files\JetBrains\IntelliJ IDEA Community Edition 2017.3.3\bin" -Dfile.encoding=UTF-8 -classpath "C:\Program Files\Java\jdk1.8.0_73\jre\lib\charsets.jar;C:\Program Files\Java\jdk1.8.0_73\jre\lib\deploy.jar;C:\Program Files\Java\jdk1.8.0_73\jre\lib\ext\access-bridge-64.jar;C:\Program Files\Java\jdk1.8.0_73\jre\lib\ext\cldrdata.jar;C:\Program Files\Java\jdk1.8.0_73\jre\lib\ext\dnsns.jar;C:\Program Files\Java\jdk1.8.0_73\jre\lib\ext\jaccess.jar;C:\Program Files\Java\jdk1.8.0_73\jre\lib\ext\jfxrt.jar;C:\Program Files\Java\jdk1.8.0_73\jre\lib\ext\localedata.jar;C:\Program Files\Java\jdk1.8.0_73\jre\lib\ext\nashorn.jar;C:\Program Files\Java\jdk1.8.0_73\jre\lib\ext\sunec.jar;C:\Program Files\Java\jdk1.8.0_73\jre\lib\ext\sunjce_provider.jar;C:\Program Files\Java\jdk1.8.0_73\jre\lib\ext\sunmscapi.jar;C:\Program Files\Java\jdk1.8.0_73\jre\lib\ext\sunpkcs11.jar;C:\Program Files\Java\jdk1.8.0_73\jre\lib\ext\zipfs.jar;C:\Program Files\Java\jdk1.8.0_73\jre\lib\javaws.jar;C:\Program Files\Java\jdk1.8.0_73\jre\lib\jce.jar;C:\Program Files\Java\jdk1.8.0_73\jre\lib\jfr.jar;C:\Program Files\Java\jdk1.8.0_73\jre\lib\jfxswt.jar;C:\Program Files\Java\jdk1.8.0_73\jre\lib\jsse.jar;C:\Program Files\Java\jdk1.8.0_73\jre\lib\management-agent.jar;C:\Program Files\Java\jdk1.8.0_73\jre\lib\plugin.jar;C:\Program Files\Java\jdk1.8.0_73\jre\lib\resources.jar;C:\Program Files\Java\jdk1.8.0_73\jre\lib\rt.jar;C:\Users\Sneeuwpopsneeuw\Desktop\tmp\production\reversi_ai-ml" kermit_learning.LearnScores
game done
game done
game done
game done
game done
game done
game done
game done

Bot won with result: 0
1.010000 	-0.430000 	0.380000 	0.070000 	0.000000 	0.420000 	-0.200000 	1.020000 	
-0.270000 	-0.740000 	-0.160000 	-0.140000 	-0.130000 	-0.250000 	-0.650000 	-0.390000 	
0.560000 	-0.300000 	0.120000 	0.050000 	-0.040000 	0.070000 	-0.150000 	0.480000 	
0.010000 	-0.080000 	0.010000 	-0.010000 	-0.040000 	-0.020000 	-0.120000 	0.030000 	
-0.100000 	-0.080000 	0.010000 	-0.010000 	-0.030000 	0.020000 	-0.040000 	-0.200000 	
0.590000 	-0.230000 	0.060000 	0.010000 	0.040000 	0.060000 	-0.190000 	0.350000 	
-0.060000 	-0.550000 	-0.180000 	-0.080000 	-0.150000 	-0.310000 	-0.820000 	-0.580000 	
0.960000 	-0.420000 	0.670000 	-0.020000 	-0.030000 	0.810000 	-0.510000 	1.010000 	

Bot won with result: 0
1.010000 	-0.430000 	0.380000 	0.070000 	0.000000 	0.420000 	-0.200000 	1.020000 	
-0.270000 	-0.740000 	-0.160000 	-0.140000 	-0.130000 	-0.250000 	-0.650000 	-0.390000 	
0.560000 	-0.300000 	0.120000 	0.050000 	-0.040000 	0.070000 	-0.150000 	0.480000 	
0.010000 	-0.080000 	0.010000 	-0.010000 	-0.040000 	-0.020000 	-0.120000 	0.030000 	
-0.100000 	-0.080000 	0.010000 	-0.010000 	-0.030000 	0.020000 	-0.040000 	-0.200000 	
0.590000 	-0.230000 	0.060000 	0.010000 	0.040000 	0.060000 	-0.190000 	0.350000 	
-0.060000 	-0.550000 	-0.180000 	-0.080000 	-0.150000 	-0.310000 	-0.820000 	-0.580000 	
0.960000 	-0.420000 	0.670000 	-0.020000 	-0.030000 	0.810000 	-0.510000 	1.010000 	

Bot won with result: -50
1.010000 	-0.430000 	0.380000 	0.070000 	0.000000 	0.420000 	-0.200000 	1.020000 	
-0.270000 	-0.740000 	-0.160000 	-0.140000 	-0.130000 	-0.250000 	-0.650000 	-0.390000 	
0.560000 	-0.300000 	0.120000 	0.050000 	-0.040000 	0.070000 	-0.150000 	0.480000 	
0.010000 	-0.080000 	0.010000 	-0.010000 	-0.040000 	-0.020000 	-0.120000 	0.030000 	
-0.100000 	-0.080000 	0.010000 	-0.010000 	-0.030000 	0.020000 	-0.040000 	-0.200000 	
0.590000 	-0.230000 	0.060000 	0.010000 	0.040000 	0.060000 	-0.190000 	0.350000 	
-0.060000 	-0.550000 	-0.180000 	-0.080000 	-0.150000 	-0.310000 	-0.820000 	-0.580000 	
0.960000 	-0.420000 	0.670000 	-0.020000 	-0.030000 	0.810000 	-0.510000 	1.010000 	

Bot won with result: 0
1.010000 	-0.430000 	0.380000 	0.070000 	0.000000 	0.420000 	-0.200000 	1.020000 	
-0.270000 	-0.740000 	-0.160000 	-0.140000 	-0.130000 	-0.250000 	-0.650000 	-0.390000 	
0.560000 	-0.300000 	0.120000 	0.050000 	-0.040000 	0.070000 	-0.150000 	0.480000 	
0.010000 	-0.080000 	0.010000 	-0.010000 	-0.040000 	-0.020000 	-0.120000 	0.030000 	
-0.100000 	-0.080000 	0.010000 	-0.010000 	-0.030000 	0.020000 	-0.040000 	-0.200000 	
0.590000 	-0.230000 	0.060000 	0.010000 	0.040000 	0.060000 	-0.190000 	0.350000 	
-0.060000 	-0.550000 	-0.180000 	-0.080000 	-0.150000 	-0.310000 	-0.820000 	-0.580000 	
0.960000 	-0.420000 	0.670000 	-0.020000 	-0.030000 	0.810000 	-0.510000 	1.010000 	
==============================
 Generation: 0
==============================
game done
game done
game done
game done
game done
game done
game done
game done

Bot won with result: 32
1.010000 	-0.430000 	0.380000 	0.070000 	0.000000 	0.420000 	-0.200000 	1.020000 	
-0.270000 	-0.740000 	-0.160000 	-0.140000 	-0.130000 	-0.250000 	-0.650000 	-0.390000 	
0.560000 	-0.300000 	0.120000 	0.050000 	-0.040000 	0.070000 	-0.150000 	0.480000 	
0.010000 	-0.080000 	0.010000 	-0.010000 	-0.040000 	-0.020000 	-0.120000 	0.030000 	
-0.100000 	-0.080000 	0.010000 	-0.010000 	-0.030000 	0.020000 	-0.040000 	-0.200000 	
0.590000 	-0.230000 	0.060000 	0.010000 	0.040000 	0.060000 	-0.190000 	0.350000 	
-0.060000 	-0.550000 	-0.180000 	-0.080000 	-0.150000 	-0.310000 	-0.820000 	-0.580000 	
0.960000 	-0.420000 	0.670000 	-0.020000 	-0.030000 	0.810000 	-0.510000 	1.010000 	

Bot won with result: 34
1.010000 	-0.430000 	0.380000 	0.070000 	0.000000 	0.420000 	-0.200000 	1.020000 	
-0.270000 	-0.740000 	-0.160000 	-0.140000 	-0.130000 	-0.250000 	-0.650000 	-0.390000 	
0.560000 	-0.300000 	0.120000 	0.050000 	-0.040000 	0.070000 	-0.150000 	0.480000 	
0.010000 	-0.080000 	0.010000 	-0.010000 	-0.040000 	-0.020000 	-0.120000 	0.030000 	
-0.100000 	-0.080000 	0.010000 	-0.010000 	-0.030000 	0.020000 	-0.040000 	-0.200000 	
0.590000 	-0.230000 	0.060000 	0.010000 	0.040000 	0.060000 	-0.190000 	0.350000 	
-0.060000 	-0.550000 	-0.180000 	-0.080000 	-0.150000 	-0.310000 	-0.820000 	-0.580000 	
0.960000 	-0.420000 	0.670000 	-0.020000 	-0.030000 	0.810000 	-0.510000 	1.010000 	

Bot won with result: 26
1.010000 	-0.430000 	0.380000 	0.070000 	0.000000 	0.420000 	-0.200000 	1.020000 	
-0.270000 	-0.740000 	-0.160000 	-0.140000 	-0.130000 	-0.250000 	-0.650000 	-0.390000 	
0.560000 	-0.300000 	0.120000 	0.050000 	-0.040000 	0.070000 	-0.150000 	0.480000 	
0.010000 	-0.080000 	0.010000 	-0.010000 	-0.040000 	-0.020000 	-0.120000 	0.030000 	
-0.100000 	-0.080000 	0.010000 	-0.010000 	-0.030000 	0.020000 	-0.040000 	-0.200000 	
0.590000 	-0.230000 	0.060000 	0.010000 	0.040000 	0.060000 	-0.190000 	0.350000 	
-0.060000 	-0.550000 	-0.180000 	-0.080000 	-0.150000 	-0.310000 	-0.820000 	-0.580000 	
0.960000 	-0.420000 	0.670000 	-0.020000 	-0.030000 	0.810000 	-0.510000 	1.010000 	

Bot won with result: 6
1.010000 	-0.430000 	0.380000 	0.070000 	0.000000 	0.420000 	-0.200000 	1.020000 	
-0.270000 	-0.740000 	-0.160000 	-0.140000 	-0.130000 	-0.250000 	-0.650000 	-0.390000 	
0.560000 	-0.300000 	0.120000 	0.050000 	-0.040000 	0.070000 	-0.150000 	0.480000 	
0.010000 	-0.080000 	0.010000 	-0.010000 	-0.040000 	-0.020000 	-0.120000 	0.030000 	
-0.100000 	-0.080000 	0.010000 	-0.010000 	-0.030000 	0.020000 	-0.040000 	-0.200000 	
0.590000 	-0.230000 	0.060000 	0.010000 	0.040000 	0.060000 	-0.190000 	0.350000 	
-0.060000 	-0.550000 	-0.180000 	-0.080000 	-0.150000 	-0.310000 	-0.820000 	-0.580000 	
0.960000 	-0.420000 	0.670000 	-0.020000 	-0.030000 	0.810000 	-0.510000 	1.010000 	
==============================
 Generation: 1
==============================
game done
game done
game done
game done
game done
game done
game done
game done

Bot won with result: -38
1.010000 	-0.269289 	0.557719 	0.010000 	0.010000 	0.557719 	-0.269289 	1.010000 	
-0.269289 	-0.735479 	-0.300000 	-0.080000 	-0.080000 	-0.300000 	-0.735479 	-0.269289 	
0.557719 	-0.300000 	0.120000 	0.010000 	0.010000 	0.120000 	-0.300000 	0.557719 	
0.010000 	-0.080000 	0.010000 	-0.010000 	-0.010000 	0.010000 	-0.080000 	0.010000 	
0.010000 	-0.080000 	0.010000 	-0.010000 	-0.010000 	0.010000 	-0.080000 	0.010000 	
0.557719 	-0.300000 	0.120000 	0.010000 	0.010000 	0.120000 	-0.300000 	0.557719 	
-0.269289 	-0.735479 	-0.300000 	-0.080000 	-0.080000 	-0.300000 	-0.735479 	-0.269289 	
1.010000 	-0.269289 	0.557719 	0.010000 	0.010000 	0.557719 	-0.269289 	1.010000 	

Bot won with result: 20
1.013644 	-0.270000 	0.560000 	0.010000 	0.010000 	0.560000 	-0.270000 	1.013644 	
-0.270000 	-0.737908 	-0.300000 	-0.080000 	-0.080000 	-0.300000 	-0.737908 	-0.270000 	
0.560000 	-0.300000 	0.120671 	0.010000 	0.010000 	0.120671 	-0.300000 	0.560000 	
0.010000 	-0.080000 	0.010000 	-0.010000 	-0.010000 	0.010000 	-0.080000 	0.010000 	
0.010000 	-0.080000 	0.010000 	-0.010000 	-0.010000 	0.010000 	-0.080000 	0.010000 	
0.560000 	-0.300000 	0.120671 	0.010000 	0.010000 	0.120671 	-0.300000 	0.560000 	
-0.270000 	-0.737908 	-0.300000 	-0.080000 	-0.080000 	-0.300000 	-0.737908 	-0.270000 	
1.013644 	-0.270000 	0.560000 	0.010000 	0.010000 	0.560000 	-0.270000 	1.013644 	

Bot won with result: -52
1.010000 	-0.269238 	0.558786 	0.010371 	0.010371 	0.558786 	-0.269238 	1.010000 	
-0.269238 	-0.739095 	-0.300000 	-0.080000 	-0.080000 	-0.300000 	-0.739095 	-0.269238 	
0.558786 	-0.300000 	0.120000 	0.010000 	0.010000 	0.120000 	-0.300000 	0.558786 	
0.010371 	-0.080000 	0.010000 	-0.010000 	-0.010000 	0.010000 	-0.080000 	0.010371 	
0.010371 	-0.080000 	0.010000 	-0.010000 	-0.010000 	0.010000 	-0.080000 	0.010371 	
0.558786 	-0.300000 	0.120000 	0.010000 	0.010000 	0.120000 	-0.300000 	0.558786 	
-0.269238 	-0.739095 	-0.300000 	-0.080000 	-0.080000 	-0.300000 	-0.739095 	-0.269238 	
1.010000 	-0.269238 	0.558786 	0.010371 	0.010371 	0.558786 	-0.269238 	1.010000 	

Bot won with result: 0
1.010000 	-0.271001 	0.560000 	0.010000 	0.010000 	0.560000 	-0.271001 	1.010000 	
-0.271001 	-0.738550 	-0.304658 	-0.080000 	-0.080000 	-0.304658 	-0.738550 	-0.271001 	
0.560000 	-0.304658 	0.120000 	0.010000 	0.010000 	0.120000 	-0.304658 	0.560000 	
0.010000 	-0.080000 	0.010000 	-0.009172 	-0.009172 	0.010000 	-0.080000 	0.010000 	
0.010000 	-0.080000 	0.010000 	-0.009172 	-0.009172 	0.010000 	-0.080000 	0.010000 	
0.560000 	-0.304658 	0.120000 	0.010000 	0.010000 	0.120000 	-0.304658 	0.560000 	
-0.271001 	-0.738550 	-0.304658 	-0.080000 	-0.080000 	-0.304658 	-0.738550 	-0.271001 	
1.010000 	-0.271001 	0.560000 	0.010000 	0.010000 	0.560000 	-0.271001 	1.010000 	
==============================
 Generation: 2
==============================
game done
game done
game done
game done
game done
game done
game done
game done

Bot won with result: -22
1.010000 	-0.273236 	0.558286 	0.010000 	0.010000 	0.558286 	-0.273236 	1.010000 	
-0.273236 	-0.740000 	-0.299230 	-0.080000 	-0.080000 	-0.299230 	-0.740000 	-0.273236 	
0.558286 	-0.299230 	0.120000 	0.010000 	0.010000 	0.120000 	-0.299230 	0.558286 	
0.010000 	-0.080000 	0.010000 	-0.010000 	-0.010000 	0.010000 	-0.080000 	0.010000 	
0.010000 	-0.080000 	0.010000 	-0.010000 	-0.010000 	0.010000 	-0.080000 	0.010000 	
0.558286 	-0.299230 	0.120000 	0.010000 	0.010000 	0.120000 	-0.299230 	0.558286 	
-0.273236 	-0.740000 	-0.299230 	-0.080000 	-0.080000 	-0.299230 	-0.740000 	-0.273236 	
1.010000 	-0.273236 	0.558286 	0.010000 	0.010000 	0.558286 	-0.273236 	1.010000 	

Bot won with result: 8
1.010000 	-0.269289 	0.557719 	0.010000 	0.010000 	0.557719 	-0.269289 	1.010000 	
-0.269289 	-0.735479 	-0.300000 	-0.080000 	-0.080000 	-0.300000 	-0.735479 	-0.269289 	
0.557719 	-0.300000 	0.120000 	0.010000 	0.010000 	0.120000 	-0.300000 	0.557719 	
0.010000 	-0.080000 	0.010000 	-0.010000 	-0.010000 	0.010000 	-0.080000 	0.010000 	
0.010000 	-0.080000 	0.010000 	-0.010000 	-0.010000 	0.010000 	-0.080000 	0.010000 	
0.557719 	-0.300000 	0.120000 	0.010000 	0.010000 	0.120000 	-0.300000 	0.557719 	
-0.269289 	-0.735479 	-0.300000 	-0.080000 	-0.080000 	-0.300000 	-0.735479 	-0.269289 	
1.010000 	-0.269289 	0.557719 	0.010000 	0.010000 	0.557719 	-0.269289 	1.010000 	

Bot won with result: 52
1.013644 	-0.270000 	0.560000 	0.010000 	0.010000 	0.560000 	-0.270000 	1.013644 	
-0.270000 	-0.737908 	-0.300000 	-0.080000 	-0.080000 	-0.300000 	-0.737908 	-0.270000 	
0.560000 	-0.300000 	0.120671 	0.010000 	0.010000 	0.120671 	-0.300000 	0.560000 	
0.010000 	-0.080000 	0.010000 	-0.010000 	-0.010000 	0.010000 	-0.080000 	0.010000 	
0.010000 	-0.080000 	0.010000 	-0.010000 	-0.010000 	0.010000 	-0.080000 	0.010000 	
0.560000 	-0.300000 	0.120671 	0.010000 	0.010000 	0.120671 	-0.300000 	0.560000 	
-0.270000 	-0.737908 	-0.300000 	-0.080000 	-0.080000 	-0.300000 	-0.737908 	-0.270000 	
1.013644 	-0.270000 	0.560000 	0.010000 	0.010000 	0.560000 	-0.270000 	1.013644 	

Bot won with result: 0
1.017100 	-0.270000 	0.560000 	0.005039 	0.005039 	0.560000 	-0.270000 	1.017100 	
-0.270000 	-0.739051 	-0.297564 	-0.080000 	-0.080000 	-0.297564 	-0.739051 	-0.270000 	
0.560000 	-0.297564 	0.120671 	0.010000 	0.010000 	0.120671 	-0.297564 	0.560000 	
0.005039 	-0.080000 	0.010000 	-0.010000 	-0.010000 	0.010000 	-0.080000 	0.005039 	
0.005039 	-0.080000 	0.010000 	-0.010000 	-0.010000 	0.010000 	-0.080000 	0.005039 	
0.560000 	-0.297564 	0.120671 	0.010000 	0.010000 	0.120671 	-0.297564 	0.560000 	
-0.270000 	-0.739051 	-0.297564 	-0.080000 	-0.080000 	-0.297564 	-0.739051 	-0.270000 	
1.017100 	-0.270000 	0.560000 	0.005039 	0.005039 	0.560000 	-0.270000 	1.017100 	
==============================
 Generation: 3
==============================
game done
game done
game done
game done
game done
game done
game done
game done

Bot won with result: 24
1.010000 	-0.430000 	0.380000 	0.070000 	0.000000 	0.420000 	-0.200000 	1.020000 	
-0.270000 	-0.740000 	-0.160000 	-0.140000 	-0.130000 	-0.250000 	-0.650000 	-0.390000 	
0.560000 	-0.300000 	0.120000 	0.050000 	-0.040000 	0.070000 	-0.150000 	0.480000 	
0.010000 	-0.080000 	0.010000 	-0.010000 	-0.040000 	-0.020000 	-0.120000 	0.030000 	
-0.100000 	-0.080000 	0.010000 	-0.010000 	-0.030000 	0.020000 	-0.040000 	-0.200000 	
0.590000 	-0.230000 	0.060000 	0.010000 	0.040000 	0.060000 	-0.190000 	0.350000 	
-0.060000 	-0.550000 	-0.180000 	-0.080000 	-0.150000 	-0.310000 	-0.820000 	-0.580000 	
0.960000 	-0.420000 	0.670000 	-0.020000 	-0.030000 	0.810000 	-0.510000 	1.010000 	

Bot won with result: 56
1.010000 	-0.273236 	0.558286 	0.010000 	0.010000 	0.558286 	-0.273236 	1.010000 	
-0.273236 	-0.740000 	-0.299230 	-0.080000 	-0.080000 	-0.299230 	-0.740000 	-0.273236 	
0.558286 	-0.299230 	0.120000 	0.010000 	0.010000 	0.120000 	-0.299230 	0.558286 	
0.010000 	-0.080000 	0.010000 	-0.010000 	-0.010000 	0.010000 	-0.080000 	0.010000 	
0.010000 	-0.080000 	0.010000 	-0.010000 	-0.010000 	0.010000 	-0.080000 	0.010000 	
0.558286 	-0.299230 	0.120000 	0.010000 	0.010000 	0.120000 	-0.299230 	0.558286 	
-0.273236 	-0.740000 	-0.299230 	-0.080000 	-0.080000 	-0.299230 	-0.740000 	-0.273236 	
1.010000 	-0.273236 	0.558286 	0.010000 	0.010000 	0.558286 	-0.273236 	1.010000 	

Bot won with result: 22
1.010000 	-0.269289 	0.557719 	0.010000 	0.010000 	0.557719 	-0.269289 	1.010000 	
-0.269289 	-0.735479 	-0.300000 	-0.080000 	-0.080000 	-0.300000 	-0.735479 	-0.269289 	
0.557719 	-0.300000 	0.120000 	0.010000 	0.010000 	0.120000 	-0.300000 	0.557719 	
0.010000 	-0.080000 	0.010000 	-0.010000 	-0.010000 	0.010000 	-0.080000 	0.010000 	
0.010000 	-0.080000 	0.010000 	-0.010000 	-0.010000 	0.010000 	-0.080000 	0.010000 	
0.557719 	-0.300000 	0.120000 	0.010000 	0.010000 	0.120000 	-0.300000 	0.557719 	
-0.269289 	-0.735479 	-0.300000 	-0.080000 	-0.080000 	-0.300000 	-0.735479 	-0.269289 	
1.010000 	-0.269289 	0.557719 	0.010000 	0.010000 	0.557719 	-0.269289 	1.010000 	

Bot won with result: -16
1.008160 	-0.269289 	0.557719 	0.014126 	0.014126 	0.557719 	-0.269289 	1.008160 	
-0.269289 	-0.736490 	-0.295742 	-0.077144 	-0.077144 	-0.295742 	-0.736490 	-0.269289 	
0.557719 	-0.295742 	0.120000 	0.014768 	0.014768 	0.120000 	-0.295742 	0.557719 	
0.014126 	-0.077144 	0.014768 	-0.010000 	-0.010000 	0.014768 	-0.077144 	0.014126 	
0.014126 	-0.077144 	0.014768 	-0.010000 	-0.010000 	0.014768 	-0.077144 	0.014126 	
0.557719 	-0.295742 	0.120000 	0.014768 	0.014768 	0.120000 	-0.295742 	0.557719 	
-0.269289 	-0.736490 	-0.295742 	-0.077144 	-0.077144 	-0.295742 	-0.736490 	-0.269289 	
1.008160 	-0.269289 	0.557719 	0.014126 	0.014126 	0.557719 	-0.269289 	1.008160 	
==============================
 Generation: 4
==============================
game done
game done
game done
game done
game done
game done
game done
game done

Bot won with result: 34
1.010000 	-0.430000 	0.380000 	0.070000 	0.000000 	0.420000 	-0.200000 	1.020000 	
-0.270000 	-0.740000 	-0.160000 	-0.140000 	-0.130000 	-0.250000 	-0.650000 	-0.390000 	
0.560000 	-0.300000 	0.120000 	0.050000 	-0.040000 	0.070000 	-0.150000 	0.480000 	
0.010000 	-0.080000 	0.010000 	-0.010000 	-0.040000 	-0.020000 	-0.120000 	0.030000 	
-0.100000 	-0.080000 	0.010000 	-0.010000 	-0.030000 	0.020000 	-0.040000 	-0.200000 	
0.590000 	-0.230000 	0.060000 	0.010000 	0.040000 	0.060000 	-0.190000 	0.350000 	
-0.060000 	-0.550000 	-0.180000 	-0.080000 	-0.150000 	-0.310000 	-0.820000 	-0.580000 	
0.960000 	-0.420000 	0.670000 	-0.020000 	-0.030000 	0.810000 	-0.510000 	1.010000 	

Bot won with result: -16
1.010000 	-0.269728 	0.564333 	0.009728 	0.009728 	0.564333 	-0.269728 	1.010000 	
-0.269728 	-0.742899 	-0.300901 	-0.079172 	-0.079172 	-0.300901 	-0.742899 	-0.269728 	
0.564333 	-0.300901 	0.118500 	0.010000 	0.010000 	0.118500 	-0.300901 	0.564333 	
0.009728 	-0.079172 	0.010000 	-0.010000 	-0.010000 	0.010000 	-0.079172 	0.009728 	
0.009728 	-0.079172 	0.010000 	-0.010000 	-0.010000 	0.010000 	-0.079172 	0.009728 	
0.564333 	-0.300901 	0.118500 	0.010000 	0.010000 	0.118500 	-0.300901 	0.564333 	
-0.269728 	-0.742899 	-0.300901 	-0.079172 	-0.079172 	-0.300901 	-0.742899 	-0.269728 	
1.010000 	-0.269728 	0.564333 	0.009728 	0.009728 	0.564333 	-0.269728 	1.010000 	

Bot won with result: 0
1.010000 	-0.273236 	0.558286 	0.010000 	0.010000 	0.558286 	-0.273236 	1.010000 	
-0.273236 	-0.740000 	-0.299230 	-0.080000 	-0.080000 	-0.299230 	-0.740000 	-0.273236 	
0.558286 	-0.299230 	0.120000 	0.010000 	0.010000 	0.120000 	-0.299230 	0.558286 	
0.010000 	-0.080000 	0.010000 	-0.010000 	-0.010000 	0.010000 	-0.080000 	0.010000 	
0.010000 	-0.080000 	0.010000 	-0.010000 	-0.010000 	0.010000 	-0.080000 	0.010000 	
0.558286 	-0.299230 	0.120000 	0.010000 	0.010000 	0.120000 	-0.299230 	0.558286 	
-0.273236 	-0.740000 	-0.299230 	-0.080000 	-0.080000 	-0.299230 	-0.740000 	-0.273236 	
1.010000 	-0.273236 	0.558286 	0.010000 	0.010000 	0.558286 	-0.273236 	1.010000 	

Bot won with result: -8
1.010000 	-0.267221 	0.553368 	0.002039 	0.002039 	0.553368 	-0.267221 	1.010000 	
-0.267221 	-0.740000 	-0.299230 	-0.080000 	-0.080000 	-0.299230 	-0.740000 	-0.267221 	
0.553368 	-0.299230 	0.122171 	0.010000 	0.010000 	0.122171 	-0.299230 	0.553368 	
0.002039 	-0.080000 	0.010000 	-0.010000 	-0.010000 	0.010000 	-0.080000 	0.002039 	
0.002039 	-0.080000 	0.010000 	-0.010000 	-0.010000 	0.010000 	-0.080000 	0.002039 	
0.553368 	-0.299230 	0.122171 	0.010000 	0.010000 	0.122171 	-0.299230 	0.553368 	
-0.267221 	-0.740000 	-0.299230 	-0.080000 	-0.080000 	-0.299230 	-0.740000 	-0.267221 	
1.010000 	-0.267221 	0.553368 	0.002039 	0.002039 	0.553368 	-0.267221 	1.010000 	
==============================
 Generation: 5
==============================
game done
game done
game done
game done
game done
game done
game done
game done

Bot won with result: 40
1.010000 	-0.430000 	0.380000 	0.070000 	0.000000 	0.420000 	-0.200000 	1.020000 	
-0.270000 	-0.740000 	-0.160000 	-0.140000 	-0.130000 	-0.250000 	-0.650000 	-0.390000 	
0.560000 	-0.300000 	0.120000 	0.050000 	-0.040000 	0.070000 	-0.150000 	0.480000 	
0.010000 	-0.080000 	0.010000 	-0.010000 	-0.040000 	-0.020000 	-0.120000 	0.030000 	
-0.100000 	-0.080000 	0.010000 	-0.010000 	-0.030000 	0.020000 	-0.040000 	-0.200000 	
0.590000 	-0.230000 	0.060000 	0.010000 	0.040000 	0.060000 	-0.190000 	0.350000 	
-0.060000 	-0.550000 	-0.180000 	-0.080000 	-0.150000 	-0.310000 	-0.820000 	-0.580000 	
0.960000 	-0.420000 	0.670000 	-0.020000 	-0.030000 	0.810000 	-0.510000 	1.010000 	

Bot won with result: 8
1.010000 	-0.270000 	0.560000 	0.010000 	0.010000 	0.560000 	-0.270000 	1.010000 	
-0.270000 	-0.740537 	-0.300000 	-0.075838 	-0.075838 	-0.300000 	-0.740537 	-0.270000 	
0.560000 	-0.300000 	0.120000 	0.010000 	0.010000 	0.120000 	-0.300000 	0.560000 	
0.010000 	-0.075838 	0.010000 	-0.010000 	-0.010000 	0.010000 	-0.075838 	0.010000 	
0.010000 	-0.075838 	0.010000 	-0.010000 	-0.010000 	0.010000 	-0.075838 	0.010000 	
0.560000 	-0.300000 	0.120000 	0.010000 	0.010000 	0.120000 	-0.300000 	0.560000 	
-0.270000 	-0.740537 	-0.300000 	-0.075838 	-0.075838 	-0.300000 	-0.740537 	-0.270000 	
1.010000 	-0.270000 	0.560000 	0.010000 	0.010000 	0.560000 	-0.270000 	1.010000 	

Bot won with result: -18
1.006972 	-0.269728 	0.560000 	0.009728 	0.009728 	0.560000 	-0.269728 	1.006972 	
-0.269728 	-0.744003 	-0.300000 	-0.080000 	-0.080000 	-0.300000 	-0.744003 	-0.269728 	
0.560000 	-0.300000 	0.120539 	0.012605 	0.012605 	0.120539 	-0.300000 	0.560000 	
0.009728 	-0.080000 	0.012605 	-0.010000 	-0.010000 	0.012605 	-0.080000 	0.009728 	
0.009728 	-0.080000 	0.012605 	-0.010000 	-0.010000 	0.012605 	-0.080000 	0.009728 	
0.560000 	-0.300000 	0.120539 	0.012605 	0.012605 	0.120539 	-0.300000 	0.560000 	
-0.269728 	-0.744003 	-0.300000 	-0.080000 	-0.080000 	-0.300000 	-0.744003 	-0.269728 	
1.006972 	-0.269728 	0.560000 	0.009728 	0.009728 	0.560000 	-0.269728 	1.006972 	

Bot won with result: -32
1.010000 	-0.273524 	0.564333 	0.010595 	0.010595 	0.564333 	-0.273524 	1.010000 	
-0.273524 	-0.742899 	-0.300901 	-0.082098 	-0.082098 	-0.300901 	-0.742899 	-0.273524 	
0.564333 	-0.300901 	0.119817 	0.010000 	0.010000 	0.119817 	-0.300901 	0.564333 	
0.010595 	-0.082098 	0.010000 	-0.010000 	-0.010000 	0.010000 	-0.082098 	0.010595 	
0.010595 	-0.082098 	0.010000 	-0.010000 	-0.010000 	0.010000 	-0.082098 	0.010595 	
0.564333 	-0.300901 	0.119817 	0.010000 	0.010000 	0.119817 	-0.300901 	0.564333 	
-0.273524 	-0.742899 	-0.300901 	-0.082098 	-0.082098 	-0.300901 	-0.742899 	-0.273524 	
1.010000 	-0.273524 	0.564333 	0.010595 	0.010595 	0.564333 	-0.273524 	1.010000 	
==============================
 Generation: 6
==============================
game done
game done
game done
game done
game done
game done
game done
game done

Bot won with result: -46
1.009953 	-0.270000 	0.560774 	0.010000 	0.010000 	0.560774 	-0.270000 	1.009953 	
-0.270000 	-0.742445 	-0.300000 	-0.080000 	-0.080000 	-0.300000 	-0.742445 	-0.270000 	
0.560774 	-0.300000 	0.120000 	0.010000 	0.010000 	0.120000 	-0.300000 	0.560774 	
0.010000 	-0.080000 	0.010000 	-0.006056 	-0.006056 	0.010000 	-0.080000 	0.010000 	
0.010000 	-0.080000 	0.010000 	-0.006056 	-0.006056 	0.010000 	-0.080000 	0.010000 	
0.560774 	-0.300000 	0.120000 	0.010000 	0.010000 	0.120000 	-0.300000 	0.560774 	
-0.270000 	-0.742445 	-0.300000 	-0.080000 	-0.080000 	-0.300000 	-0.742445 	-0.270000 	
1.009953 	-0.270000 	0.560774 	0.010000 	0.010000 	0.560774 	-0.270000 	1.009953 	

Bot won with result: -32
1.010000 	-0.270000 	0.562863 	0.010000 	0.010000 	0.562863 	-0.270000 	1.010000 	
-0.270000 	-0.741274 	-0.300000 	-0.088949 	-0.088949 	-0.300000 	-0.741274 	-0.270000 	
0.562863 	-0.300000 	0.122273 	0.006720 	0.006720 	0.122273 	-0.300000 	0.562863 	
0.010000 	-0.088949 	0.006720 	-0.007131 	-0.007131 	0.006720 	-0.088949 	0.010000 	
0.010000 	-0.088949 	0.006720 	-0.007131 	-0.007131 	0.006720 	-0.088949 	0.010000 	
0.562863 	-0.300000 	0.122273 	0.006720 	0.006720 	0.122273 	-0.300000 	0.562863 	
-0.270000 	-0.741274 	-0.300000 	-0.088949 	-0.088949 	-0.300000 	-0.741274 	-0.270000 	
1.010000 	-0.270000 	0.562863 	0.010000 	0.010000 	0.562863 	-0.270000 	1.010000 	

Bot won with result: 8
1.010000 	-0.270000 	0.560000 	0.010000 	0.010000 	0.560000 	-0.270000 	1.010000 	
-0.270000 	-0.740537 	-0.300000 	-0.075838 	-0.075838 	-0.300000 	-0.740537 	-0.270000 	
0.560000 	-0.300000 	0.120000 	0.010000 	0.010000 	0.120000 	-0.300000 	0.560000 	
0.010000 	-0.075838 	0.010000 	-0.010000 	-0.010000 	0.010000 	-0.075838 	0.010000 	
0.010000 	-0.075838 	0.010000 	-0.010000 	-0.010000 	0.010000 	-0.075838 	0.010000 	
0.560000 	-0.300000 	0.120000 	0.010000 	0.010000 	0.120000 	-0.300000 	0.560000 	
-0.270000 	-0.740537 	-0.300000 	-0.075838 	-0.075838 	-0.300000 	-0.740537 	-0.270000 	
1.010000 	-0.270000 	0.560000 	0.010000 	0.010000 	0.560000 	-0.270000 	1.010000 	

Bot won with result: 34
1.004707 	-0.270000 	0.560000 	0.010000 	0.010000 	0.560000 	-0.270000 	1.004707 	
-0.270000 	-0.738812 	-0.300000 	-0.075838 	-0.075838 	-0.300000 	-0.738812 	-0.270000 	
0.560000 	-0.300000 	0.120000 	0.010000 	0.010000 	0.120000 	-0.300000 	0.560000 	
0.010000 	-0.075838 	0.010000 	-0.012525 	-0.012525 	0.010000 	-0.075838 	0.010000 	
0.010000 	-0.075838 	0.010000 	-0.012525 	-0.012525 	0.010000 	-0.075838 	0.010000 	
0.560000 	-0.300000 	0.120000 	0.010000 	0.010000 	0.120000 	-0.300000 	0.560000 	
-0.270000 	-0.738812 	-0.300000 	-0.075838 	-0.075838 	-0.300000 	-0.738812 	-0.270000 	
1.004707 	-0.270000 	0.560000 	0.010000 	0.010000 	0.560000 	-0.270000 	1.004707 	
==============================
 Generation: 7
==============================
game done
game done
game done
game done
game done
game done
game done
game done

Bot won with result: 76
1.010000 	-0.430000 	0.380000 	0.070000 	0.000000 	0.420000 	-0.200000 	1.020000 	
-0.270000 	-0.740000 	-0.160000 	-0.140000 	-0.130000 	-0.250000 	-0.650000 	-0.390000 	
0.560000 	-0.300000 	0.120000 	0.050000 	-0.040000 	0.070000 	-0.150000 	0.480000 	
0.010000 	-0.080000 	0.010000 	-0.010000 	-0.040000 	-0.020000 	-0.120000 	0.030000 	
-0.100000 	-0.080000 	0.010000 	-0.010000 	-0.030000 	0.020000 	-0.040000 	-0.200000 	
0.590000 	-0.230000 	0.060000 	0.010000 	0.040000 	0.060000 	-0.190000 	0.350000 	
-0.060000 	-0.550000 	-0.180000 	-0.080000 	-0.150000 	-0.310000 	-0.820000 	-0.580000 	
0.960000 	-0.420000 	0.670000 	-0.020000 	-0.030000 	0.810000 	-0.510000 	1.010000 	

Bot won with result: -6
1.009953 	-0.270000 	0.560774 	0.010000 	0.010000 	0.560774 	-0.270000 	1.009953 	
-0.270000 	-0.743312 	-0.300000 	-0.084973 	-0.084973 	-0.300000 	-0.743312 	-0.270000 	
0.560774 	-0.300000 	0.120000 	0.010000 	0.010000 	0.120000 	-0.300000 	0.560774 	
0.010000 	-0.084973 	0.010000 	-0.002503 	-0.002503 	0.010000 	-0.084973 	0.010000 	
0.010000 	-0.084973 	0.010000 	-0.002503 	-0.002503 	0.010000 	-0.084973 	0.010000 	
0.560774 	-0.300000 	0.120000 	0.010000 	0.010000 	0.120000 	-0.300000 	0.560774 	
-0.270000 	-0.743312 	-0.300000 	-0.084973 	-0.084973 	-0.300000 	-0.743312 	-0.270000 	
1.009953 	-0.270000 	0.560774 	0.010000 	0.010000 	0.560774 	-0.270000 	1.009953 	

Bot won with result: 14
1.010000 	-0.270000 	0.562863 	0.010000 	0.010000 	0.562863 	-0.270000 	1.010000 	
-0.270000 	-0.740000 	-0.300000 	-0.084946 	-0.084946 	-0.300000 	-0.740000 	-0.270000 	
0.562863 	-0.300000 	0.120000 	0.010000 	0.010000 	0.120000 	-0.300000 	0.562863 	
0.010000 	-0.084946 	0.010000 	-0.007131 	-0.007131 	0.010000 	-0.084946 	0.010000 	
0.010000 	-0.084946 	0.010000 	-0.007131 	-0.007131 	0.010000 	-0.084946 	0.010000 	
0.562863 	-0.300000 	0.120000 	0.010000 	0.010000 	0.120000 	-0.300000 	0.562863 	
-0.270000 	-0.740000 	-0.300000 	-0.084946 	-0.084946 	-0.300000 	-0.740000 	-0.270000 	
1.010000 	-0.270000 	0.562863 	0.010000 	0.010000 	0.562863 	-0.270000 	1.010000 	

Bot won with result: 64
1.010000 	-0.270000 	0.562863 	0.010000 	0.010000 	0.562863 	-0.270000 	1.010000 	
-0.270000 	-0.741274 	-0.300000 	-0.088949 	-0.088949 	-0.300000 	-0.741274 	-0.270000 	
0.562863 	-0.300000 	0.122273 	0.006720 	0.006720 	0.122273 	-0.300000 	0.562863 	
0.010000 	-0.088949 	0.006720 	-0.007131 	-0.007131 	0.006720 	-0.088949 	0.010000 	
0.010000 	-0.088949 	0.006720 	-0.007131 	-0.007131 	0.006720 	-0.088949 	0.010000 	
0.562863 	-0.300000 	0.122273 	0.006720 	0.006720 	0.122273 	-0.300000 	0.562863 	
-0.270000 	-0.741274 	-0.300000 	-0.088949 	-0.088949 	-0.300000 	-0.741274 	-0.270000 	
1.010000 	-0.270000 	0.562863 	0.010000 	0.010000 	0.562863 	-0.270000 	1.010000 	
==============================
 Generation: 8
==============================
game done
game done
game done
game done
game done
game done
game done
game done

Bot won with result: 36
1.010000 	-0.430000 	0.380000 	0.070000 	0.000000 	0.420000 	-0.200000 	1.020000 	
-0.270000 	-0.740000 	-0.160000 	-0.140000 	-0.130000 	-0.250000 	-0.650000 	-0.390000 	
0.560000 	-0.300000 	0.120000 	0.050000 	-0.040000 	0.070000 	-0.150000 	0.480000 	
0.010000 	-0.080000 	0.010000 	-0.010000 	-0.040000 	-0.020000 	-0.120000 	0.030000 	
-0.100000 	-0.080000 	0.010000 	-0.010000 	-0.030000 	0.020000 	-0.040000 	-0.200000 	
0.590000 	-0.230000 	0.060000 	0.010000 	0.040000 	0.060000 	-0.190000 	0.350000 	
-0.060000 	-0.550000 	-0.180000 	-0.080000 	-0.150000 	-0.310000 	-0.820000 	-0.580000 	
0.960000 	-0.420000 	0.670000 	-0.020000 	-0.030000 	0.810000 	-0.510000 	1.010000 	

Bot won with result: 0
1.010418 	-0.267651 	0.560000 	0.010000 	0.010000 	0.560000 	-0.267651 	1.010418 	
-0.267651 	-0.740000 	-0.300000 	-0.080638 	-0.080638 	-0.300000 	-0.740000 	-0.267651 	
0.560000 	-0.300000 	0.120000 	0.010000 	0.010000 	0.120000 	-0.300000 	0.560000 	
0.010000 	-0.080638 	0.010000 	-0.011991 	-0.011991 	0.010000 	-0.080638 	0.010000 	
0.010000 	-0.080638 	0.010000 	-0.011991 	-0.011991 	0.010000 	-0.080638 	0.010000 	
0.560000 	-0.300000 	0.120000 	0.010000 	0.010000 	0.120000 	-0.300000 	0.560000 	
-0.267651 	-0.740000 	-0.300000 	-0.080638 	-0.080638 	-0.300000 	-0.740000 	-0.267651 	
1.010418 	-0.267651 	0.560000 	0.010000 	0.010000 	0.560000 	-0.267651 	1.010418 	

Bot won with result: -19
1.006955 	-0.270000 	0.560774 	0.010000 	0.010000 	0.560774 	-0.270000 	1.006955 	
-0.270000 	-0.740734 	-0.300000 	-0.080000 	-0.080000 	-0.300000 	-0.740734 	-0.270000 	
0.560774 	-0.300000 	0.120000 	0.014951 	0.014951 	0.120000 	-0.300000 	0.560774 	
0.010000 	-0.080000 	0.014951 	-0.010483 	-0.010483 	0.014951 	-0.080000 	0.010000 	
0.010000 	-0.080000 	0.014951 	-0.010483 	-0.010483 	0.014951 	-0.080000 	0.010000 	
0.560774 	-0.300000 	0.120000 	0.014951 	0.014951 	0.120000 	-0.300000 	0.560774 	
-0.270000 	-0.740734 	-0.300000 	-0.080000 	-0.080000 	-0.300000 	-0.740734 	-0.270000 	
1.006955 	-0.270000 	0.560774 	0.010000 	0.010000 	0.560774 	-0.270000 	1.006955 	

Bot won with result: -32
1.009953 	-0.270000 	0.556051 	0.010000 	0.010000 	0.556051 	-0.270000 	1.009953 	
-0.270000 	-0.743312 	-0.300000 	-0.080608 	-0.080608 	-0.300000 	-0.743312 	-0.270000 	
0.556051 	-0.300000 	0.120000 	0.008841 	0.008841 	0.120000 	-0.300000 	0.556051 	
0.010000 	-0.080608 	0.008841 	-0.002503 	-0.002503 	0.008841 	-0.080608 	0.010000 	
0.010000 	-0.080608 	0.008841 	-0.002503 	-0.002503 	0.008841 	-0.080608 	0.010000 	
0.556051 	-0.300000 	0.120000 	0.008841 	0.008841 	0.120000 	-0.300000 	0.556051 	
-0.270000 	-0.743312 	-0.300000 	-0.080608 	-0.080608 	-0.300000 	-0.743312 	-0.270000 	
1.009953 	-0.270000 	0.556051 	0.010000 	0.010000 	0.556051 	-0.270000 	1.009953 	
==============================
 Generation: 9
==============================
game done
game done
game done
game done
game done
game done
game done
game done

Bot won with result: 36
1.010000 	-0.430000 	0.380000 	0.070000 	0.000000 	0.420000 	-0.200000 	1.020000 	
-0.270000 	-0.740000 	-0.160000 	-0.140000 	-0.130000 	-0.250000 	-0.650000 	-0.390000 	
0.560000 	-0.300000 	0.120000 	0.050000 	-0.040000 	0.070000 	-0.150000 	0.480000 	
0.010000 	-0.080000 	0.010000 	-0.010000 	-0.040000 	-0.020000 	-0.120000 	0.030000 	
-0.100000 	-0.080000 	0.010000 	-0.010000 	-0.030000 	0.020000 	-0.040000 	-0.200000 	
0.590000 	-0.230000 	0.060000 	0.010000 	0.040000 	0.060000 	-0.190000 	0.350000 	
-0.060000 	-0.550000 	-0.180000 	-0.080000 	-0.150000 	-0.310000 	-0.820000 	-0.580000 	
0.960000 	-0.420000 	0.670000 	-0.020000 	-0.030000 	0.810000 	-0.510000 	1.010000 	

Bot won with result: -13
1.010418 	-0.267651 	0.560000 	0.010000 	0.010000 	0.560000 	-0.267651 	1.010418 	
-0.267651 	-0.740000 	-0.300000 	-0.080638 	-0.080638 	-0.300000 	-0.740000 	-0.267651 	
0.560000 	-0.300000 	0.120000 	0.010000 	0.010000 	0.120000 	-0.300000 	0.560000 	
0.010000 	-0.080638 	0.010000 	-0.011991 	-0.011991 	0.010000 	-0.080638 	0.010000 	
0.010000 	-0.080638 	0.010000 	-0.011991 	-0.011991 	0.010000 	-0.080638 	0.010000 	
0.560000 	-0.300000 	0.120000 	0.010000 	0.010000 	0.120000 	-0.300000 	0.560000 	
-0.267651 	-0.740000 	-0.300000 	-0.080638 	-0.080638 	-0.300000 	-0.740000 	-0.267651 	
1.010418 	-0.267651 	0.560000 	0.010000 	0.010000 	0.560000 	-0.267651 	1.010418 	

Bot won with result: 0
1.010418 	-0.267651 	0.560000 	0.010000 	0.010000 	0.560000 	-0.267651 	1.010418 	
-0.267651 	-0.740000 	-0.300000 	-0.080638 	-0.080638 	-0.300000 	-0.740000 	-0.267651 	
0.560000 	-0.300000 	0.120000 	0.010000 	0.010000 	0.120000 	-0.300000 	0.560000 	
0.010000 	-0.080638 	0.010000 	-0.011991 	-0.011991 	0.010000 	-0.080638 	0.010000 	
0.010000 	-0.080638 	0.010000 	-0.011991 	-0.011991 	0.010000 	-0.080638 	0.010000 	
0.560000 	-0.300000 	0.120000 	0.010000 	0.010000 	0.120000 	-0.300000 	0.560000 	
-0.267651 	-0.740000 	-0.300000 	-0.080638 	-0.080638 	-0.300000 	-0.740000 	-0.267651 	
1.010418 	-0.267651 	0.560000 	0.010000 	0.010000 	0.560000 	-0.267651 	1.010418 	

Bot won with result: -14
1.010000 	-0.430000 	0.380000 	0.070000 	0.000000 	0.420000 	-0.200000 	1.020000 	
-0.270000 	-0.740000 	-0.160000 	-0.140000 	-0.130000 	-0.250000 	-0.650000 	-0.390000 	
0.560000 	-0.300000 	0.120000 	0.050000 	-0.040000 	0.070000 	-0.150000 	0.480000 	
0.010000 	-0.080000 	0.010000 	-0.010000 	-0.040000 	-0.020000 	-0.120000 	0.030000 	
-0.100000 	-0.080000 	0.010000 	-0.010000 	-0.030000 	0.020000 	-0.040000 	-0.200000 	
0.590000 	-0.230000 	0.060000 	0.010000 	0.040000 	0.060000 	-0.190000 	0.350000 	
-0.060000 	-0.550000 	-0.180000 	-0.080000 	-0.150000 	-0.310000 	-0.820000 	-0.580000 	
0.960000 	-0.420000 	0.670000 	-0.020000 	-0.030000 	0.810000 	-0.510000 	1.010000 	
==============================
 Generation: 10
==============================
game done
game done
game done
game done
game done
game done
game done
game done

Bot won with result: 36
1.010000 	-0.430000 	0.380000 	0.070000 	0.000000 	0.420000 	-0.200000 	1.020000 	
-0.270000 	-0.740000 	-0.160000 	-0.140000 	-0.130000 	-0.250000 	-0.650000 	-0.390000 	
0.560000 	-0.300000 	0.120000 	0.050000 	-0.040000 	0.070000 	-0.150000 	0.480000 	
0.010000 	-0.080000 	0.010000 	-0.010000 	-0.040000 	-0.020000 	-0.120000 	0.030000 	
-0.100000 	-0.080000 	0.010000 	-0.010000 	-0.030000 	0.020000 	-0.040000 	-0.200000 	
0.590000 	-0.230000 	0.060000 	0.010000 	0.040000 	0.060000 	-0.190000 	0.350000 	
-0.060000 	-0.550000 	-0.180000 	-0.080000 	-0.150000 	-0.310000 	-0.820000 	-0.580000 	
0.960000 	-0.420000 	0.670000 	-0.020000 	-0.030000 	0.810000 	-0.510000 	1.010000 	

Bot won with result: 58
1.010000 	-0.268844 	0.558673 	0.010000 	0.010000 	0.558673 	-0.268844 	1.010000 	
-0.268844 	-0.740000 	-0.300000 	-0.080000 	-0.080000 	-0.300000 	-0.740000 	-0.268844 	
0.558673 	-0.300000 	0.121478 	0.010000 	0.010000 	0.121478 	-0.300000 	0.558673 	
0.010000 	-0.080000 	0.010000 	-0.010000 	-0.010000 	0.010000 	-0.080000 	0.010000 	
0.010000 	-0.080000 	0.010000 	-0.010000 	-0.010000 	0.010000 	-0.080000 	0.010000 	
0.558673 	-0.300000 	0.121478 	0.010000 	0.010000 	0.121478 	-0.300000 	0.558673 	
-0.268844 	-0.740000 	-0.300000 	-0.080000 	-0.080000 	-0.300000 	-0.740000 	-0.268844 	
1.010000 	-0.268844 	0.558673 	0.010000 	0.010000 	0.558673 	-0.268844 	1.010000 	

Bot won with result: 0
0.654331 	0.103632 	0.301511 	0.086073 	0.592998 	0.151229 	0.011238 	0.228254 	
0.480040 	0.307064 	0.668014 	0.080736 	0.144271 	0.089272 	0.633034 	0.166592 	
0.839545 	0.636624 	0.582371 	0.756854 	0.904485 	0.826766 	0.038262 	0.700213 	
0.361666 	0.029406 	0.051478 	0.866028 	0.964696 	0.522682 	0.264406 	0.203958 	
0.558106 	0.527702 	0.394070 	0.928430 	0.127630 	0.149246 	0.640120 	0.747294 	
0.587422 	0.249882 	0.644898 	0.371368 	0.175948 	0.430259 	0.411001 	0.765258 	
0.313723 	0.840095 	0.016347 	0.729671 	0.913775 	0.502380 	0.057553 	0.441611 	
0.429653 	0.197582 	0.499512 	0.521197 	0.376003 	0.725150 	0.012386 	0.042507 	

Bot won with result: 48
1.010418 	-0.267651 	0.560000 	0.010000 	0.010000 	0.560000 	-0.267651 	1.010418 	
-0.267651 	-0.740000 	-0.300000 	-0.080638 	-0.080638 	-0.300000 	-0.740000 	-0.267651 	
0.560000 	-0.300000 	0.120000 	0.010000 	0.010000 	0.120000 	-0.300000 	0.560000 	
0.010000 	-0.080638 	0.010000 	-0.011991 	-0.011991 	0.010000 	-0.080638 	0.010000 	
0.010000 	-0.080638 	0.010000 	-0.011991 	-0.011991 	0.010000 	-0.080638 	0.010000 	
0.560000 	-0.300000 	0.120000 	0.010000 	0.010000 	0.120000 	-0.300000 	0.560000 	
-0.267651 	-0.740000 	-0.300000 	-0.080638 	-0.080638 	-0.300000 	-0.740000 	-0.267651 	
1.010418 	-0.267651 	0.560000 	0.010000 	0.010000 	0.560000 	-0.267651 	1.010418 	
==============================
 Generation: 11
==============================
game done
game done
game done
game done
game done
game done
game done
game done

Bot won with result: 76
1.010000 	-0.430000 	0.380000 	0.070000 	0.000000 	0.420000 	-0.200000 	1.020000 	
-0.270000 	-0.740000 	-0.160000 	-0.140000 	-0.130000 	-0.250000 	-0.650000 	-0.390000 	
0.560000 	-0.300000 	0.120000 	0.050000 	-0.040000 	0.070000 	-0.150000 	0.480000 	
0.010000 	-0.080000 	0.010000 	-0.010000 	-0.040000 	-0.020000 	-0.120000 	0.030000 	
-0.100000 	-0.080000 	0.010000 	-0.010000 	-0.030000 	0.020000 	-0.040000 	-0.200000 	
0.590000 	-0.230000 	0.060000 	0.010000 	0.040000 	0.060000 	-0.190000 	0.350000 	
-0.060000 	-0.550000 	-0.180000 	-0.080000 	-0.150000 	-0.310000 	-0.820000 	-0.580000 	
0.960000 	-0.420000 	0.670000 	-0.020000 	-0.030000 	0.810000 	-0.510000 	1.010000 	

Bot won with result: 0
1.010000 	-0.267306 	0.560000 	0.010884 	0.010884 	0.560000 	-0.267306 	1.010000 	
-0.267306 	-0.740000 	-0.300000 	-0.080000 	-0.080000 	-0.300000 	-0.740000 	-0.267306 	
0.560000 	-0.300000 	0.123531 	0.010000 	0.010000 	0.123531 	-0.300000 	0.560000 	
0.010884 	-0.080000 	0.010000 	-0.013033 	-0.013033 	0.010000 	-0.080000 	0.010884 	
0.010884 	-0.080000 	0.010000 	-0.013033 	-0.013033 	0.010000 	-0.080000 	0.010884 	
0.560000 	-0.300000 	0.123531 	0.010000 	0.010000 	0.123531 	-0.300000 	0.560000 	
-0.267306 	-0.740000 	-0.300000 	-0.080000 	-0.080000 	-0.300000 	-0.740000 	-0.267306 	
1.010000 	-0.267306 	0.560000 	0.010884 	0.010884 	0.560000 	-0.267306 	1.010000 	

Bot won with result: -12
1.010000 	-0.268844 	0.556483 	0.010000 	0.010000 	0.556483 	-0.268844 	1.010000 	
-0.268844 	-0.740000 	-0.300000 	-0.080315 	-0.080315 	-0.300000 	-0.740000 	-0.268844 	
0.556483 	-0.300000 	0.120836 	0.010000 	0.010000 	0.120836 	-0.300000 	0.556483 	
0.010000 	-0.080315 	0.010000 	-0.014618 	-0.014618 	0.010000 	-0.080315 	0.010000 	
