/usr/lib/jvm/java-8-openjdk-amd64/bin/java -Dvisualvm.id=28784241778233 -javaagent:/home/sneeuwpop/Downloads/idea-IC-182.4129.33/lib/idea_rt.jar=36763:/home/sneeuwpop/Downloads/idea-IC-182.4129.33/bin -Dfile.encoding=UTF-8 -classpath /usr/lib/jvm/java-8-openjdk-amd64/jre/lib/charsets.jar:/usr/lib/jvm/java-8-openjdk-amd64/jre/lib/ext/RXTXcomm.jar:/usr/lib/jvm/java-8-openjdk-amd64/jre/lib/ext/cldrdata.jar:/usr/lib/jvm/java-8-openjdk-amd64/jre/lib/ext/dnsns.jar:/usr/lib/jvm/java-8-openjdk-amd64/jre/lib/ext/icedtea-sound.jar:/usr/lib/jvm/java-8-openjdk-amd64/jre/lib/ext/jaccess.jar:/usr/lib/jvm/java-8-openjdk-amd64/jre/lib/ext/java-atk-wrapper.jar:/usr/lib/jvm/java-8-openjdk-amd64/jre/lib/ext/localedata.jar:/usr/lib/jvm/java-8-openjdk-amd64/jre/lib/ext/nashorn.jar:/usr/lib/jvm/java-8-openjdk-amd64/jre/lib/ext/sunec.jar:/usr/lib/jvm/java-8-openjdk-amd64/jre/lib/ext/sunjce_provider.jar:/usr/lib/jvm/java-8-openjdk-amd64/jre/lib/ext/sunpkcs11.jar:/usr/lib/jvm/java-8-openjdk-amd64/jre/lib/ext/zipfs.jar:/usr/lib/jvm/java-8-openjdk-amd64/jre/lib/jce.jar:/usr/lib/jvm/java-8-openjdk-amd64/jre/lib/jsse.jar:/usr/lib/jvm/java-8-openjdk-amd64/jre/lib/management-agent.jar:/usr/lib/jvm/java-8-openjdk-amd64/jre/lib/resources.jar:/usr/lib/jvm/java-8-openjdk-amd64/jre/lib/rt.jar:/home/sneeuwpop/Github/HANZE/periode_2-3/reversi_ai/out/production/reversi_ai:/home/sneeuwpop/Downloads/idea-IC-182.4129.33/lib/groovy-all-2.4.15.jar:/usr/lib/jvm/java-1.8.0-openjdk-amd64/jre/lib/ext/jfxrt.jar kermit_learning.LearnScores
game done
game done
game done
game done
game done
game done
game done
game done

Bot won with result: 0
1.010000 	-0.430000 	0.380000 	0.070000 	0.000000 	0.420000 	-0.200000 	1.020000 	
-0.270000 	-0.740000 	-0.160000 	-0.140000 	-0.130000 	-0.250000 	-0.650000 	-0.390000 	
0.560000 	-0.300000 	0.120000 	0.050000 	-0.040000 	0.070000 	-0.150000 	0.480000 	
0.010000 	-0.080000 	0.010000 	-0.010000 	-0.040000 	-0.020000 	-0.120000 	0.030000 	
-0.100000 	-0.080000 	0.010000 	-0.010000 	-0.030000 	0.020000 	-0.040000 	-0.200000 	
0.590000 	-0.230000 	0.060000 	0.010000 	0.040000 	0.060000 	-0.190000 	0.350000 	
-0.060000 	-0.550000 	-0.180000 	-0.080000 	-0.150000 	-0.310000 	-0.820000 	-0.580000 	
0.960000 	-0.420000 	0.670000 	-0.020000 	-0.030000 	0.810000 	-0.510000 	1.010000 	

Bot won with result: 0
1.010000 	-0.430000 	0.380000 	0.070000 	0.000000 	0.420000 	-0.200000 	1.020000 	
-0.270000 	-0.740000 	-0.160000 	-0.140000 	-0.130000 	-0.250000 	-0.650000 	-0.390000 	
0.560000 	-0.300000 	0.120000 	0.050000 	-0.040000 	0.070000 	-0.150000 	0.480000 	
0.010000 	-0.080000 	0.010000 	-0.010000 	-0.040000 	-0.020000 	-0.120000 	0.030000 	
-0.100000 	-0.080000 	0.010000 	-0.010000 	-0.030000 	0.020000 	-0.040000 	-0.200000 	
0.590000 	-0.230000 	0.060000 	0.010000 	0.040000 	0.060000 	-0.190000 	0.350000 	
-0.060000 	-0.550000 	-0.180000 	-0.080000 	-0.150000 	-0.310000 	-0.820000 	-0.580000 	
0.960000 	-0.420000 	0.670000 	-0.020000 	-0.030000 	0.810000 	-0.510000 	1.010000 	

Bot won with result: 0
1.010000 	-0.430000 	0.380000 	0.070000 	0.000000 	0.420000 	-0.200000 	1.020000 	
-0.270000 	-0.740000 	-0.160000 	-0.140000 	-0.130000 	-0.250000 	-0.650000 	-0.390000 	
0.560000 	-0.300000 	0.120000 	0.050000 	-0.040000 	0.070000 	-0.150000 	0.480000 	
0.010000 	-0.080000 	0.010000 	-0.010000 	-0.040000 	-0.020000 	-0.120000 	0.030000 	
-0.100000 	-0.080000 	0.010000 	-0.010000 	-0.030000 	0.020000 	-0.040000 	-0.200000 	
0.590000 	-0.230000 	0.060000 	0.010000 	0.040000 	0.060000 	-0.190000 	0.350000 	
-0.060000 	-0.550000 	-0.180000 	-0.080000 	-0.150000 	-0.310000 	-0.820000 	-0.580000 	
0.960000 	-0.420000 	0.670000 	-0.020000 	-0.030000 	0.810000 	-0.510000 	1.010000 	

Bot won with result: 0
1.010000 	-0.430000 	0.380000 	0.070000 	0.000000 	0.420000 	-0.200000 	1.020000 	
-0.270000 	-0.740000 	-0.160000 	-0.140000 	-0.130000 	-0.250000 	-0.650000 	-0.390000 	
0.560000 	-0.300000 	0.120000 	0.050000 	-0.040000 	0.070000 	-0.150000 	0.480000 	
0.010000 	-0.080000 	0.010000 	-0.010000 	-0.040000 	-0.020000 	-0.120000 	0.030000 	
-0.100000 	-0.080000 	0.010000 	-0.010000 	-0.030000 	0.020000 	-0.040000 	-0.200000 	
0.590000 	-0.230000 	0.060000 	0.010000 	0.040000 	0.060000 	-0.190000 	0.350000 	
-0.060000 	-0.550000 	-0.180000 	-0.080000 	-0.150000 	-0.310000 	-0.820000 	-0.580000 	
0.960000 	-0.420000 	0.670000 	-0.020000 	-0.030000 	0.810000 	-0.510000 	1.010000 	
===========================
 Generation: 0
===========================
game done
game done
game done
game done
game done
game done
game done
game done

Bot won with result: -18
1.010000 	-0.270000 	0.560000 	0.010451 	0.010451 	0.560000 	-0.270000 	1.010000 	
-0.270000 	-0.740000 	-0.304081 	-0.080000 	-0.080000 	-0.304081 	-0.740000 	-0.270000 	
0.560000 	-0.304081 	0.120000 	0.016568 	0.016568 	0.120000 	-0.304081 	0.560000 	
0.010451 	-0.080000 	0.016568 	-0.010000 	-0.010000 	0.016568 	-0.080000 	0.010451 	
0.010451 	-0.080000 	0.016568 	-0.010000 	-0.010000 	0.016568 	-0.080000 	0.010451 	
0.560000 	-0.304081 	0.120000 	0.016568 	0.016568 	0.120000 	-0.304081 	0.560000 	
-0.270000 	-0.740000 	-0.304081 	-0.080000 	-0.080000 	-0.304081 	-0.740000 	-0.270000 	
1.010000 	-0.270000 	0.560000 	0.010451 	0.010451 	0.560000 	-0.270000 	1.010000 	

Bot won with result: 10
1.010000 	-0.430000 	0.380000 	0.070000 	0.000000 	0.420000 	-0.200000 	1.020000 	
-0.270000 	-0.740000 	-0.160000 	-0.140000 	-0.130000 	-0.250000 	-0.650000 	-0.390000 	
0.560000 	-0.300000 	0.120000 	0.050000 	-0.040000 	0.070000 	-0.150000 	0.480000 	
0.010000 	-0.080000 	0.010000 	-0.010000 	-0.040000 	-0.020000 	-0.120000 	0.030000 	
-0.100000 	-0.080000 	0.010000 	-0.010000 	-0.030000 	0.020000 	-0.040000 	-0.200000 	
0.590000 	-0.230000 	0.060000 	0.010000 	0.040000 	0.060000 	-0.190000 	0.350000 	
-0.060000 	-0.550000 	-0.180000 	-0.080000 	-0.150000 	-0.310000 	-0.820000 	-0.580000 	
0.960000 	-0.420000 	0.670000 	-0.020000 	-0.030000 	0.810000 	-0.510000 	1.010000 	

Bot won with result: 28
1.010000 	-0.430000 	0.380000 	0.070000 	0.000000 	0.420000 	-0.200000 	1.020000 	
-0.270000 	-0.740000 	-0.160000 	-0.140000 	-0.130000 	-0.250000 	-0.650000 	-0.390000 	
0.560000 	-0.300000 	0.120000 	0.050000 	-0.040000 	0.070000 	-0.150000 	0.480000 	
0.010000 	-0.080000 	0.010000 	-0.010000 	-0.040000 	-0.020000 	-0.120000 	0.030000 	
-0.100000 	-0.080000 	0.010000 	-0.010000 	-0.030000 	0.020000 	-0.040000 	-0.200000 	
0.590000 	-0.230000 	0.060000 	0.010000 	0.040000 	0.060000 	-0.190000 	0.350000 	
-0.060000 	-0.550000 	-0.180000 	-0.080000 	-0.150000 	-0.310000 	-0.820000 	-0.580000 	
0.960000 	-0.420000 	0.670000 	-0.020000 	-0.030000 	0.810000 	-0.510000 	1.010000 	

Bot won with result: 62
1.010000 	-0.430000 	0.380000 	0.070000 	0.000000 	0.420000 	-0.200000 	1.020000 	
-0.270000 	-0.740000 	-0.160000 	-0.140000 	-0.130000 	-0.250000 	-0.650000 	-0.390000 	
0.560000 	-0.300000 	0.120000 	0.050000 	-0.040000 	0.070000 	-0.150000 	0.480000 	
0.010000 	-0.080000 	0.010000 	-0.010000 	-0.040000 	-0.020000 	-0.120000 	0.030000 	
-0.100000 	-0.080000 	0.010000 	-0.010000 	-0.030000 	0.020000 	-0.040000 	-0.200000 	
0.590000 	-0.230000 	0.060000 	0.010000 	0.040000 	0.060000 	-0.190000 	0.350000 	
-0.060000 	-0.550000 	-0.180000 	-0.080000 	-0.150000 	-0.310000 	-0.820000 	-0.580000 	
0.960000 	-0.420000 	0.670000 	-0.020000 	-0.030000 	0.810000 	-0.510000 	1.010000 	
===========================
 Generation: 1
===========================
game done
game done
game done
game done
game done
game done
game done
game done

Bot won with result: 30
1.010000 	-0.430000 	0.380000 	0.070000 	0.000000 	0.420000 	-0.200000 	1.020000 	
-0.270000 	-0.740000 	-0.160000 	-0.140000 	-0.130000 	-0.250000 	-0.650000 	-0.390000 	
0.560000 	-0.300000 	0.120000 	0.050000 	-0.040000 	0.070000 	-0.150000 	0.480000 	
0.010000 	-0.080000 	0.010000 	-0.010000 	-0.040000 	-0.020000 	-0.120000 	0.030000 	
-0.100000 	-0.080000 	0.010000 	-0.010000 	-0.030000 	0.020000 	-0.040000 	-0.200000 	
0.590000 	-0.230000 	0.060000 	0.010000 	0.040000 	0.060000 	-0.190000 	0.350000 	
-0.060000 	-0.550000 	-0.180000 	-0.080000 	-0.150000 	-0.310000 	-0.820000 	-0.580000 	
0.960000 	-0.420000 	0.670000 	-0.020000 	-0.030000 	0.810000 	-0.510000 	1.010000 	

Bot won with result: -36
1.010592 	-0.267547 	0.560000 	0.010451 	0.010451 	0.560000 	-0.267547 	1.010592 	
-0.267547 	-0.740000 	-0.304081 	-0.080000 	-0.080000 	-0.304081 	-0.740000 	-0.267547 	
0.560000 	-0.304081 	0.120000 	0.016568 	0.016568 	0.120000 	-0.304081 	0.560000 	
0.010451 	-0.080000 	0.016568 	-0.014732 	-0.014732 	0.016568 	-0.080000 	0.010451 	
0.010451 	-0.080000 	0.016568 	-0.014732 	-0.014732 	0.016568 	-0.080000 	0.010451 	
0.560000 	-0.304081 	0.120000 	0.016568 	0.016568 	0.120000 	-0.304081 	0.560000 	
-0.267547 	-0.740000 	-0.304081 	-0.080000 	-0.080000 	-0.304081 	-0.740000 	-0.267547 	
1.010592 	-0.267547 	0.560000 	0.010451 	0.010451 	0.560000 	-0.267547 	1.010592 	

Bot won with result: 18
1.010000 	-0.430000 	0.380000 	0.070000 	0.000000 	0.420000 	-0.200000 	1.020000 	
-0.270000 	-0.740000 	-0.160000 	-0.140000 	-0.130000 	-0.250000 	-0.650000 	-0.390000 	
0.560000 	-0.300000 	0.120000 	0.050000 	-0.040000 	0.070000 	-0.150000 	0.480000 	
0.010000 	-0.080000 	0.010000 	-0.010000 	-0.040000 	-0.020000 	-0.120000 	0.030000 	
-0.100000 	-0.080000 	0.010000 	-0.010000 	-0.030000 	0.020000 	-0.040000 	-0.200000 	
0.590000 	-0.230000 	0.060000 	0.010000 	0.040000 	0.060000 	-0.190000 	0.350000 	
-0.060000 	-0.550000 	-0.180000 	-0.080000 	-0.150000 	-0.310000 	-0.820000 	-0.580000 	
0.960000 	-0.420000 	0.670000 	-0.020000 	-0.030000 	0.810000 	-0.510000 	1.010000 	

Bot won with result: -22
1.011416 	-0.272992 	0.560729 	0.010000 	0.010000 	0.560729 	-0.272992 	1.011416 	
-0.272992 	-0.740000 	-0.296794 	-0.080000 	-0.080000 	-0.296794 	-0.740000 	-0.272992 	
0.560729 	-0.296794 	0.120000 	0.006907 	0.006907 	0.120000 	-0.296794 	0.560729 	
0.010000 	-0.080000 	0.006907 	-0.007945 	-0.007945 	0.006907 	-0.080000 	0.010000 	
0.010000 	-0.080000 	0.006907 	-0.007945 	-0.007945 	0.006907 	-0.080000 	0.010000 	
0.560729 	-0.296794 	0.120000 	0.006907 	0.006907 	0.120000 	-0.296794 	0.560729 	
-0.272992 	-0.740000 	-0.296794 	-0.080000 	-0.080000 	-0.296794 	-0.740000 	-0.272992 	
1.011416 	-0.272992 	0.560729 	0.010000 	0.010000 	0.560729 	-0.272992 	1.011416 	
===========================
 Generation: 2
===========================
game done
game done
game done
game done
game done
game done
game done
game done

Bot won with result: -22
1.010000 	-0.270000 	0.561705 	0.010000 	0.010000 	0.561705 	-0.270000 	1.010000 	
-0.270000 	-0.740000 	-0.297150 	-0.080000 	-0.080000 	-0.297150 	-0.740000 	-0.270000 	
0.561705 	-0.297150 	0.120000 	0.010945 	0.010945 	0.120000 	-0.297150 	0.561705 	
0.010000 	-0.080000 	0.010945 	-0.010000 	-0.010000 	0.010945 	-0.080000 	0.010000 	
0.010000 	-0.080000 	0.010945 	-0.010000 	-0.010000 	0.010945 	-0.080000 	0.010000 	
0.561705 	-0.297150 	0.120000 	0.010945 	0.010945 	0.120000 	-0.297150 	0.561705 	
-0.270000 	-0.740000 	-0.297150 	-0.080000 	-0.080000 	-0.297150 	-0.740000 	-0.270000 	
1.010000 	-0.270000 	0.561705 	0.010000 	0.010000 	0.561705 	-0.270000 	1.010000 	

Bot won with result: -22
1.010000 	-0.270000 	0.560000 	0.013211 	0.013211 	0.560000 	-0.270000 	1.010000 	
-0.270000 	-0.740000 	-0.300566 	-0.078486 	-0.078486 	-0.300566 	-0.740000 	-0.270000 	
0.560000 	-0.300566 	0.122748 	0.014596 	0.014596 	0.122748 	-0.300566 	0.560000 	
0.013211 	-0.078486 	0.014596 	-0.007105 	-0.007105 	0.014596 	-0.078486 	0.013211 	
0.013211 	-0.078486 	0.014596 	-0.007105 	-0.007105 	0.014596 	-0.078486 	0.013211 	
0.560000 	-0.300566 	0.122748 	0.014596 	0.014596 	0.122748 	-0.300566 	0.560000 	
-0.270000 	-0.740000 	-0.300566 	-0.078486 	-0.078486 	-0.300566 	-0.740000 	-0.270000 	
1.010000 	-0.270000 	0.560000 	0.013211 	0.013211 	0.560000 	-0.270000 	1.010000 	

Bot won with result: -32
1.010000 	-0.270000 	0.558952 	0.010451 	0.010451 	0.558952 	-0.270000 	1.010000 	
-0.270000 	-0.740000 	-0.299525 	-0.080000 	-0.080000 	-0.299525 	-0.740000 	-0.270000 	
0.558952 	-0.299525 	0.124386 	0.020880 	0.020880 	0.124386 	-0.299525 	0.558952 	
0.010451 	-0.080000 	0.020880 	-0.010000 	-0.010000 	0.020880 	-0.080000 	0.010451 	
0.010451 	-0.080000 	0.020880 	-0.010000 	-0.010000 	0.020880 	-0.080000 	0.010451 	
0.558952 	-0.299525 	0.124386 	0.020880 	0.020880 	0.124386 	-0.299525 	0.558952 	
-0.270000 	-0.740000 	-0.299525 	-0.080000 	-0.080000 	-0.299525 	-0.740000 	-0.270000 	
1.010000 	-0.270000 	0.558952 	0.010451 	0.010451 	0.558952 	-0.270000 	1.010000 	

Bot won with result: -36
1.008145 	-0.269138 	0.558583 	0.010451 	0.010451 	0.558583 	-0.269138 	1.008145 	
-0.269138 	-0.740000 	-0.304081 	-0.082310 	-0.082310 	-0.304081 	-0.740000 	-0.269138 	
0.558583 	-0.304081 	0.120000 	0.016568 	0.016568 	0.120000 	-0.304081 	0.558583 	
0.010451 	-0.082310 	0.016568 	-0.014732 	-0.014732 	0.016568 	-0.082310 	0.010451 	
0.010451 	-0.082310 	0.016568 	-0.014732 	-0.014732 	0.016568 	-0.082310 	0.010451 	
0.558583 	-0.304081 	0.120000 	0.016568 	0.016568 	0.120000 	-0.304081 	0.558583 	
-0.269138 	-0.740000 	-0.304081 	-0.082310 	-0.082310 	-0.304081 	-0.740000 	-0.269138 	
1.008145 	-0.269138 	0.558583 	0.010451 	0.010451 	0.558583 	-0.269138 	1.008145 	
===========================
 Generation: 3
===========================
game done
game done
game done
game done
game done
game done
game done
game done

Bot won with result: 10
1.010000 	-0.430000 	0.380000 	0.070000 	0.000000 	0.420000 	-0.200000 	1.020000 	
-0.270000 	-0.740000 	-0.160000 	-0.140000 	-0.130000 	-0.250000 	-0.650000 	-0.390000 	
0.560000 	-0.300000 	0.120000 	0.050000 	-0.040000 	0.070000 	-0.150000 	0.480000 	
0.010000 	-0.080000 	0.010000 	-0.010000 	-0.040000 	-0.020000 	-0.120000 	0.030000 	
-0.100000 	-0.080000 	0.010000 	-0.010000 	-0.030000 	0.020000 	-0.040000 	-0.200000 	
0.590000 	-0.230000 	0.060000 	0.010000 	0.040000 	0.060000 	-0.190000 	0.350000 	
-0.060000 	-0.550000 	-0.180000 	-0.080000 	-0.150000 	-0.310000 	-0.820000 	-0.580000 	
0.960000 	-0.420000 	0.670000 	-0.020000 	-0.030000 	0.810000 	-0.510000 	1.010000 	

Bot won with result: 0
1.010000 	-0.270000 	0.561705 	0.010000 	0.010000 	0.561705 	-0.270000 	1.010000 	
-0.270000 	-0.740000 	-0.297150 	-0.080000 	-0.080000 	-0.297150 	-0.740000 	-0.270000 	
0.561705 	-0.297150 	0.120000 	0.010945 	0.010945 	0.120000 	-0.297150 	0.561705 	
0.010000 	-0.080000 	0.010945 	-0.010000 	-0.010000 	0.010945 	-0.080000 	0.010000 	
0.010000 	-0.080000 	0.010945 	-0.010000 	-0.010000 	0.010945 	-0.080000 	0.010000 	
0.561705 	-0.297150 	0.120000 	0.010945 	0.010945 	0.120000 	-0.297150 	0.561705 	
-0.270000 	-0.740000 	-0.297150 	-0.080000 	-0.080000 	-0.297150 	-0.740000 	-0.270000 	
1.010000 	-0.270000 	0.561705 	0.010000 	0.010000 	0.561705 	-0.270000 	1.010000 	

Bot won with result: -41
1.012968 	-0.270000 	0.560000 	0.013211 	0.013211 	0.560000 	-0.270000 	1.012968 	
-0.270000 	-0.735352 	-0.300566 	-0.081067 	-0.081067 	-0.300566 	-0.735352 	-0.270000 	
0.560000 	-0.300566 	0.124483 	0.011631 	0.011631 	0.124483 	-0.300566 	0.560000 	
0.013211 	-0.081067 	0.011631 	-0.007105 	-0.007105 	0.011631 	-0.081067 	0.013211 	
0.013211 	-0.081067 	0.011631 	-0.007105 	-0.007105 	0.011631 	-0.081067 	0.013211 	
0.560000 	-0.300566 	0.124483 	0.011631 	0.011631 	0.124483 	-0.300566 	0.560000 	
-0.270000 	-0.735352 	-0.300566 	-0.081067 	-0.081067 	-0.300566 	-0.735352 	-0.270000 	
1.012968 	-0.270000 	0.560000 	0.013211 	0.013211 	0.560000 	-0.270000 	1.012968 	

Bot won with result: 22
1.010000 	-0.270000 	0.560000 	0.013211 	0.013211 	0.560000 	-0.270000 	1.010000 	
-0.270000 	-0.740000 	-0.300566 	-0.078486 	-0.078486 	-0.300566 	-0.740000 	-0.270000 	
0.560000 	-0.300566 	0.122748 	0.014596 	0.014596 	0.122748 	-0.300566 	0.560000 	
0.013211 	-0.078486 	0.014596 	-0.007105 	-0.007105 	0.014596 	-0.078486 	0.013211 	
0.013211 	-0.078486 	0.014596 	-0.007105 	-0.007105 	0.014596 	-0.078486 	0.013211 	
0.560000 	-0.300566 	0.122748 	0.014596 	0.014596 	0.122748 	-0.300566 	0.560000 	
-0.270000 	-0.740000 	-0.300566 	-0.078486 	-0.078486 	-0.300566 	-0.740000 	-0.270000 	
1.010000 	-0.270000 	0.560000 	0.013211 	0.013211 	0.560000 	-0.270000 	1.010000 	
===========================
 Generation: 4
===========================
game done
game done
game done
game done
game done
game done
game done
game done

Bot won with result: 30
1.010000 	-0.430000 	0.380000 	0.070000 	0.000000 	0.420000 	-0.200000 	1.020000 	
-0.270000 	-0.740000 	-0.160000 	-0.140000 	-0.130000 	-0.250000 	-0.650000 	-0.390000 	
0.560000 	-0.300000 	0.120000 	0.050000 	-0.040000 	0.070000 	-0.150000 	0.480000 	
0.010000 	-0.080000 	0.010000 	-0.010000 	-0.040000 	-0.020000 	-0.120000 	0.030000 	
-0.100000 	-0.080000 	0.010000 	-0.010000 	-0.030000 	0.020000 	-0.040000 	-0.200000 	
0.590000 	-0.230000 	0.060000 	0.010000 	0.040000 	0.060000 	-0.190000 	0.350000 	
-0.060000 	-0.550000 	-0.180000 	-0.080000 	-0.150000 	-0.310000 	-0.820000 	-0.580000 	
0.960000 	-0.420000 	0.670000 	-0.020000 	-0.030000 	0.810000 	-0.510000 	1.010000 	

Bot won with result: 8
1.014389 	-0.270000 	0.560000 	0.010000 	0.010000 	0.560000 	-0.270000 	1.014389 	
-0.270000 	-0.740000 	-0.298689 	-0.080000 	-0.080000 	-0.298689 	-0.740000 	-0.270000 	
0.560000 	-0.298689 	0.120950 	0.010000 	0.010000 	0.120950 	-0.298689 	0.560000 	
0.010000 	-0.080000 	0.010000 	-0.010062 	-0.010062 	0.010000 	-0.080000 	0.010000 	
0.010000 	-0.080000 	0.010000 	-0.010062 	-0.010062 	0.010000 	-0.080000 	0.010000 	
0.560000 	-0.298689 	0.120950 	0.010000 	0.010000 	0.120950 	-0.298689 	0.560000 	
-0.270000 	-0.740000 	-0.298689 	-0.080000 	-0.080000 	-0.298689 	-0.740000 	-0.270000 	
1.014389 	-0.270000 	0.560000 	0.010000 	0.010000 	0.560000 	-0.270000 	1.014389 	

Bot won with result: -2
1.012587 	-0.270000 	0.559246 	0.005646 	0.005646 	0.559246 	-0.270000 	1.012587 	
-0.270000 	-0.740000 	-0.297150 	-0.078963 	-0.078963 	-0.297150 	-0.740000 	-0.270000 	
0.559246 	-0.297150 	0.120000 	0.010945 	0.010945 	0.120000 	-0.297150 	0.559246 	
0.005646 	-0.078963 	0.010945 	-0.010000 	-0.010000 	0.010945 	-0.078963 	0.005646 	
0.005646 	-0.078963 	0.010945 	-0.010000 	-0.010000 	0.010945 	-0.078963 	0.005646 	
0.559246 	-0.297150 	0.120000 	0.010945 	0.010945 	0.120000 	-0.297150 	0.559246 	
-0.270000 	-0.740000 	-0.297150 	-0.078963 	-0.078963 	-0.297150 	-0.740000 	-0.270000 	
1.012587 	-0.270000 	0.559246 	0.005646 	0.005646 	0.559246 	-0.270000 	1.012587 	

Bot won with result: 15
1.009332 	-0.266694 	0.561705 	0.010000 	0.010000 	0.561705 	-0.266694 	1.009332 	
-0.266694 	-0.740000 	-0.298439 	-0.080000 	-0.080000 	-0.298439 	-0.740000 	-0.266694 	
0.561705 	-0.298439 	0.123739 	0.010945 	0.010945 	0.123739 	-0.298439 	0.561705 	
0.010000 	-0.080000 	0.010945 	-0.010000 	-0.010000 	0.010945 	-0.080000 	0.010000 	
0.010000 	-0.080000 	0.010945 	-0.010000 	-0.010000 	0.010945 	-0.080000 	0.010000 	
0.561705 	-0.298439 	0.123739 	0.010945 	0.010945 	0.123739 	-0.298439 	0.561705 	
-0.266694 	-0.740000 	-0.298439 	-0.080000 	-0.080000 	-0.298439 	-0.740000 	-0.266694 	
1.009332 	-0.266694 	0.561705 	0.010000 	0.010000 	0.561705 	-0.266694 	1.009332 	
===========================
 Generation: 5
===========================
game done
game done
game done
game done
game done
game done
game done
game done

Bot won with result: 18
1.010000 	-0.430000 	0.380000 	0.070000 	0.000000 	0.420000 	-0.200000 	1.020000 	
-0.270000 	-0.740000 	-0.160000 	-0.140000 	-0.130000 	-0.250000 	-0.650000 	-0.390000 	
0.560000 	-0.300000 	0.120000 	0.050000 	-0.040000 	0.070000 	-0.150000 	0.480000 	
0.010000 	-0.080000 	0.010000 	-0.010000 	-0.040000 	-0.020000 	-0.120000 	0.030000 	
-0.100000 	-0.080000 	0.010000 	-0.010000 	-0.030000 	0.020000 	-0.040000 	-0.200000 	
0.590000 	-0.230000 	0.060000 	0.010000 	0.040000 	0.060000 	-0.190000 	0.350000 	
-0.060000 	-0.550000 	-0.180000 	-0.080000 	-0.150000 	-0.310000 	-0.820000 	-0.580000 	
0.960000 	-0.420000 	0.670000 	-0.020000 	-0.030000 	0.810000 	-0.510000 	1.010000 	

Bot won with result: 34
1.010000 	-0.270000 	0.560000 	0.010000 	0.010000 	0.560000 	-0.270000 	1.010000 	
-0.270000 	-0.740442 	-0.297291 	-0.080000 	-0.080000 	-0.297291 	-0.740442 	-0.270000 	
0.560000 	-0.297291 	0.120000 	0.010000 	0.010000 	0.120000 	-0.297291 	0.560000 	
0.010000 	-0.080000 	0.010000 	-0.011469 	-0.011469 	0.010000 	-0.080000 	0.010000 	
0.010000 	-0.080000 	0.010000 	-0.011469 	-0.011469 	0.010000 	-0.080000 	0.010000 	
0.560000 	-0.297291 	0.120000 	0.010000 	0.010000 	0.120000 	-0.297291 	0.560000 	
-0.270000 	-0.740442 	-0.297291 	-0.080000 	-0.080000 	-0.297291 	-0.740442 	-0.270000 	
1.010000 	-0.270000 	0.560000 	0.010000 	0.010000 	0.560000 	-0.270000 	1.010000 	

Bot won with result: -60
1.014389 	-0.270000 	0.564151 	0.010000 	0.010000 	0.564151 	-0.270000 	1.014389 	
-0.270000 	-0.740000 	-0.298689 	-0.080000 	-0.080000 	-0.298689 	-0.740000 	-0.270000 	
0.564151 	-0.298689 	0.118338 	0.011418 	0.011418 	0.118338 	-0.298689 	0.564151 	
0.010000 	-0.080000 	0.011418 	-0.008710 	-0.008710 	0.011418 	-0.080000 	0.010000 	
0.010000 	-0.080000 	0.011418 	-0.008710 	-0.008710 	0.011418 	-0.080000 	0.010000 	
0.564151 	-0.298689 	0.118338 	0.011418 	0.011418 	0.118338 	-0.298689 	0.564151 	
-0.270000 	-0.740000 	-0.298689 	-0.080000 	-0.080000 	-0.298689 	-0.740000 	-0.270000 	
1.014389 	-0.270000 	0.564151 	0.010000 	0.010000 	0.564151 	-0.270000 	1.014389 	

Bot won with result: 28
1.014389 	-0.273492 	0.562093 	0.010000 	0.010000 	0.562093 	-0.273492 	1.014389 	
-0.273492 	-0.740000 	-0.300469 	-0.080000 	-0.080000 	-0.300469 	-0.740000 	-0.273492 	
0.562093 	-0.300469 	0.125735 	0.010000 	0.010000 	0.125735 	-0.300469 	0.562093 	
0.010000 	-0.080000 	0.010000 	-0.010062 	-0.010062 	0.010000 	-0.080000 	0.010000 	
0.010000 	-0.080000 	0.010000 	-0.010062 	-0.010062 	0.010000 	-0.080000 	0.010000 	
0.562093 	-0.300469 	0.125735 	0.010000 	0.010000 	0.125735 	-0.300469 	0.562093 	
-0.273492 	-0.740000 	-0.300469 	-0.080000 	-0.080000 	-0.300469 	-0.740000 	-0.273492 	
1.014389 	-0.273492 	0.562093 	0.010000 	0.010000 	0.562093 	-0.273492 	1.014389 	
===========================
 Generation: 6
===========================
game done
game done
game done
game done
game done
game done
game done
game done

Bot won with result: 6
1.010000 	-0.430000 	0.380000 	0.070000 	0.000000 	0.420000 	-0.200000 	1.020000 	
-0.270000 	-0.740000 	-0.160000 	-0.140000 	-0.130000 	-0.250000 	-0.650000 	-0.390000 	
0.560000 	-0.300000 	0.120000 	0.050000 	-0.040000 	0.070000 	-0.150000 	0.480000 	
0.010000 	-0.080000 	0.010000 	-0.010000 	-0.040000 	-0.020000 	-0.120000 	0.030000 	
-0.100000 	-0.080000 	0.010000 	-0.010000 	-0.030000 	0.020000 	-0.040000 	-0.200000 	
0.590000 	-0.230000 	0.060000 	0.010000 	0.040000 	0.060000 	-0.190000 	0.350000 	
-0.060000 	-0.550000 	-0.180000 	-0.080000 	-0.150000 	-0.310000 	-0.820000 	-0.580000 	
0.960000 	-0.420000 	0.670000 	-0.020000 	-0.030000 	0.810000 	-0.510000 	1.010000 	

Bot won with result: 52
1.008019 	-0.270000 	0.560000 	0.010000 	0.010000 	0.560000 	-0.270000 	1.008019 	
-0.270000 	-0.742197 	-0.300000 	-0.084972 	-0.084972 	-0.300000 	-0.742197 	-0.270000 	
0.560000 	-0.300000 	0.124483 	0.010000 	0.010000 	0.124483 	-0.300000 	0.560000 	
0.010000 	-0.084972 	0.010000 	-0.010000 	-0.010000 	0.010000 	-0.084972 	0.010000 	
0.010000 	-0.084972 	0.010000 	-0.010000 	-0.010000 	0.010000 	-0.084972 	0.010000 	
0.560000 	-0.300000 	0.124483 	0.010000 	0.010000 	0.124483 	-0.300000 	0.560000 	
-0.270000 	-0.742197 	-0.300000 	-0.084972 	-0.084972 	-0.300000 	-0.742197 	-0.270000 	
1.008019 	-0.270000 	0.560000 	0.010000 	0.010000 	0.560000 	-0.270000 	1.008019 	

Bot won with result: 47
1.010000 	-0.270000 	0.560000 	0.010000 	0.010000 	0.560000 	-0.270000 	1.010000 	
-0.270000 	-0.740442 	-0.297291 	-0.080000 	-0.080000 	-0.297291 	-0.740442 	-0.270000 	
0.560000 	-0.297291 	0.120000 	0.010000 	0.010000 	0.120000 	-0.297291 	0.560000 	
0.010000 	-0.080000 	0.010000 	-0.011469 	-0.011469 	0.010000 	-0.080000 	0.010000 	
0.010000 	-0.080000 	0.010000 	-0.011469 	-0.011469 	0.010000 	-0.080000 	0.010000 	
0.560000 	-0.297291 	0.120000 	0.010000 	0.010000 	0.120000 	-0.297291 	0.560000 	
-0.270000 	-0.740442 	-0.297291 	-0.080000 	-0.080000 	-0.297291 	-0.740442 	-0.270000 	
1.010000 	-0.270000 	0.560000 	0.010000 	0.010000 	0.560000 	-0.270000 	1.010000 	

Bot won with result: 0
1.010000 	-0.270000 	0.560000 	0.010000 	0.010000 	0.560000 	-0.270000 	1.010000 	
-0.270000 	-0.746547 	-0.299851 	-0.080000 	-0.080000 	-0.299851 	-0.746547 	-0.270000 	
0.560000 	-0.299851 	0.120000 	0.010000 	0.010000 	0.120000 	-0.299851 	0.560000 	
0.010000 	-0.080000 	0.010000 	-0.011597 	-0.011597 	0.010000 	-0.080000 	0.010000 	
0.010000 	-0.080000 	0.010000 	-0.011597 	-0.011597 	0.010000 	-0.080000 	0.010000 	
0.560000 	-0.299851 	0.120000 	0.010000 	0.010000 	0.120000 	-0.299851 	0.560000 	
-0.270000 	-0.746547 	-0.299851 	-0.080000 	-0.080000 	-0.299851 	-0.746547 	-0.270000 	
1.010000 	-0.270000 	0.560000 	0.010000 	0.010000 	0.560000 	-0.270000 	1.010000 	
===========================
 Generation: 7
===========================
game done
game done
game done
game done
game done
game done
game done
game done

Bot won with result: -28
1.010000 	-0.270000 	0.560000 	0.010000 	0.010000 	0.560000 	-0.270000 	1.010000 	
-0.270000 	-0.740000 	-0.296474 	-0.080000 	-0.080000 	-0.296474 	-0.740000 	-0.270000 	
0.560000 	-0.296474 	0.116712 	0.008943 	0.008943 	0.116712 	-0.296474 	0.560000 	
0.010000 	-0.080000 	0.008943 	-0.010000 	-0.010000 	0.008943 	-0.080000 	0.010000 	
0.010000 	-0.080000 	0.008943 	-0.010000 	-0.010000 	0.008943 	-0.080000 	0.010000 	
0.560000 	-0.296474 	0.116712 	0.008943 	0.008943 	0.116712 	-0.296474 	0.560000 	
-0.270000 	-0.740000 	-0.296474 	-0.080000 	-0.080000 	-0.296474 	-0.740000 	-0.270000 	
1.010000 	-0.270000 	0.560000 	0.010000 	0.010000 	0.560000 	-0.270000 	1.010000 	

Bot won with result: 46
1.010000 	-0.269794 	0.559724 	0.010000 	0.010000 	0.559724 	-0.269794 	1.010000 	
-0.269794 	-0.739634 	-0.300000 	-0.080000 	-0.080000 	-0.300000 	-0.739634 	-0.269794 	
0.559724 	-0.300000 	0.116217 	0.010000 	0.010000 	0.116217 	-0.300000 	0.559724 	
0.010000 	-0.080000 	0.010000 	-0.010000 	-0.010000 	0.010000 	-0.080000 	0.010000 	
0.010000 	-0.080000 	0.010000 	-0.010000 	-0.010000 	0.010000 	-0.080000 	0.010000 	
0.559724 	-0.300000 	0.116217 	0.010000 	0.010000 	0.116217 	-0.300000 	0.559724 	
-0.269794 	-0.739634 	-0.300000 	-0.080000 	-0.080000 	-0.300000 	-0.739634 	-0.269794 	
1.010000 	-0.269794 	0.559724 	0.010000 	0.010000 	0.559724 	-0.269794 	1.010000 	

Bot won with result: -2
1.008019 	-0.270000 	0.560000 	0.010000 	0.010000 	0.560000 	-0.270000 	1.008019 	
-0.270000 	-0.742197 	-0.300000 	-0.084746 	-0.084746 	-0.300000 	-0.742197 	-0.270000 	
0.560000 	-0.300000 	0.124310 	0.017956 	0.017956 	0.124310 	-0.300000 	0.560000 	
0.010000 	-0.084746 	0.017956 	-0.010000 	-0.010000 	0.017956 	-0.084746 	0.010000 	
0.010000 	-0.084746 	0.017956 	-0.010000 	-0.010000 	0.017956 	-0.084746 	0.010000 	
0.560000 	-0.300000 	0.124310 	0.017956 	0.017956 	0.124310 	-0.300000 	0.560000 	
-0.270000 	-0.742197 	-0.300000 	-0.084746 	-0.084746 	-0.300000 	-0.742197 	-0.270000 	
1.008019 	-0.270000 	0.560000 	0.010000 	0.010000 	0.560000 	-0.270000 	1.008019 	

Bot won with result: 26
1.008019 	-0.270000 	0.560000 	0.010000 	0.010000 	0.560000 	-0.270000 	1.008019 	
-0.270000 	-0.745476 	-0.300000 	-0.089631 	-0.089631 	-0.300000 	-0.745476 	-0.270000 	
0.560000 	-0.300000 	0.124483 	0.013638 	0.013638 	0.124483 	-0.300000 	0.560000 	
0.010000 	-0.089631 	0.013638 	-0.006509 	-0.006509 	0.013638 	-0.089631 	0.010000 	
0.010000 	-0.089631 	0.013638 	-0.006509 	-0.006509 	0.013638 	-0.089631 	0.010000 	
0.560000 	-0.300000 	0.124483 	0.013638 	0.013638 	0.124483 	-0.300000 	0.560000 	
-0.270000 	-0.745476 	-0.300000 	-0.089631 	-0.089631 	-0.300000 	-0.745476 	-0.270000 	
1.008019 	-0.270000 	0.560000 	0.010000 	0.010000 	0.560000 	-0.270000 	1.008019 	
===========================
 Generation: 8
===========================
game done
game done
game done
game done
game done
game done
game done
game done

Bot won with result: 87
1.010000 	-0.430000 	0.380000 	0.070000 	0.000000 	0.420000 	-0.200000 	1.020000 	
-0.270000 	-0.740000 	-0.160000 	-0.140000 	-0.130000 	-0.250000 	-0.650000 	-0.390000 	
0.560000 	-0.300000 	0.120000 	0.050000 	-0.040000 	0.070000 	-0.150000 	0.480000 	
0.010000 	-0.080000 	0.010000 	-0.010000 	-0.040000 	-0.020000 	-0.120000 	0.030000 	
-0.100000 	-0.080000 	0.010000 	-0.010000 	-0.030000 	0.020000 	-0.040000 	-0.200000 	
0.590000 	-0.230000 	0.060000 	0.010000 	0.040000 	0.060000 	-0.190000 	0.350000 	
-0.060000 	-0.550000 	-0.180000 	-0.080000 	-0.150000 	-0.310000 	-0.820000 	-0.580000 	
0.960000 	-0.420000 	0.670000 	-0.020000 	-0.030000 	0.810000 	-0.510000 	1.010000 	

Bot won with result: 36
1.010000 	-0.270000 	0.560000 	0.010000 	0.010000 	0.560000 	-0.270000 	1.010000 	
-0.270000 	-0.740000 	-0.296474 	-0.080000 	-0.080000 	-0.296474 	-0.740000 	-0.270000 	
0.560000 	-0.296474 	0.116712 	0.008943 	0.008943 	0.116712 	-0.296474 	0.560000 	
0.010000 	-0.080000 	0.008943 	-0.010000 	-0.010000 	0.008943 	-0.080000 	0.010000 	
0.010000 	-0.080000 	0.008943 	-0.010000 	-0.010000 	0.008943 	-0.080000 	0.010000 	
0.560000 	-0.296474 	0.116712 	0.008943 	0.008943 	0.116712 	-0.296474 	0.560000 	
-0.270000 	-0.740000 	-0.296474 	-0.080000 	-0.080000 	-0.296474 	-0.740000 	-0.270000 	
1.010000 	-0.270000 	0.560000 	0.010000 	0.010000 	0.560000 	-0.270000 	1.010000 	

Bot won with result: 14
1.010000 	-0.269794 	0.559724 	0.010000 	0.010000 	0.559724 	-0.269794 	1.010000 	
-0.269794 	-0.739634 	-0.300000 	-0.080000 	-0.080000 	-0.300000 	-0.739634 	-0.269794 	
0.559724 	-0.300000 	0.116217 	0.010000 	0.010000 	0.116217 	-0.300000 	0.559724 	
0.010000 	-0.080000 	0.010000 	-0.010000 	-0.010000 	0.010000 	-0.080000 	0.010000 	
0.010000 	-0.080000 	0.010000 	-0.010000 	-0.010000 	0.010000 	-0.080000 	0.010000 	
0.559724 	-0.300000 	0.116217 	0.010000 	0.010000 	0.116217 	-0.300000 	0.559724 	
-0.269794 	-0.739634 	-0.300000 	-0.080000 	-0.080000 	-0.300000 	-0.739634 	-0.269794 	
1.010000 	-0.269794 	0.559724 	0.010000 	0.010000 	0.559724 	-0.269794 	1.010000 	

Bot won with result: 1
1.011316 	-0.269794 	0.559724 	0.010000 	0.010000 	0.559724 	-0.269794 	1.011316 	
-0.269794 	-0.739634 	-0.298957 	-0.080000 	-0.080000 	-0.298957 	-0.739634 	-0.269794 	
0.559724 	-0.298957 	0.116217 	0.018444 	0.018444 	0.116217 	-0.298957 	0.559724 	
0.010000 	-0.080000 	0.018444 	-0.010000 	-0.010000 	0.018444 	-0.080000 	0.010000 	
0.010000 	-0.080000 	0.018444 	-0.010000 	-0.010000 	0.018444 	-0.080000 	0.010000 	
0.559724 	-0.298957 	0.116217 	0.018444 	0.018444 	0.116217 	-0.298957 	0.559724 	
-0.269794 	-0.739634 	-0.298957 	-0.080000 	-0.080000 	-0.298957 	-0.739634 	-0.269794 	
1.011316 	-0.269794 	0.559724 	0.010000 	0.010000 	0.559724 	-0.269794 	1.011316 	
===========================
 Generation: 9
===========================
game done
game done
game done
game done
game done
game done
game done
game done

Bot won with result: 87
1.010000 	-0.430000 	0.380000 	0.070000 	0.000000 	0.420000 	-0.200000 	1.020000 	
-0.270000 	-0.740000 	-0.160000 	-0.140000 	-0.130000 	-0.250000 	-0.650000 	-0.390000 	
0.560000 	-0.300000 	0.120000 	0.050000 	-0.040000 	0.070000 	-0.150000 	0.480000 	
0.010000 	-0.080000 	0.010000 	-0.010000 	-0.040000 	-0.020000 	-0.120000 	0.030000 	
-0.100000 	-0.080000 	0.010000 	-0.010000 	-0.030000 	0.020000 	-0.040000 	-0.200000 	
0.590000 	-0.230000 	0.060000 	0.010000 	0.040000 	0.060000 	-0.190000 	0.350000 	
-0.060000 	-0.550000 	-0.180000 	-0.080000 	-0.150000 	-0.310000 	-0.820000 	-0.580000 	
0.960000 	-0.420000 	0.670000 	-0.020000 	-0.030000 	0.810000 	-0.510000 	1.010000 	

Bot won with result: -2
1.010000 	-0.270000 	0.560000 	0.010000 	0.010000 	0.560000 	-0.270000 	1.010000 	
-0.270000 	-0.740000 	-0.296474 	-0.080000 	-0.080000 	-0.296474 	-0.740000 	-0.270000 	
0.560000 	-0.296474 	0.116712 	0.008943 	0.008943 	0.116712 	-0.296474 	0.560000 	
0.010000 	-0.080000 	0.008943 	-0.010000 	-0.010000 	0.008943 	-0.080000 	0.010000 	
0.010000 	-0.080000 	0.008943 	-0.010000 	-0.010000 	0.008943 	-0.080000 	0.010000 	
0.560000 	-0.296474 	0.116712 	0.008943 	0.008943 	0.116712 	-0.296474 	0.560000 	
-0.270000 	-0.740000 	-0.296474 	-0.080000 	-0.080000 	-0.296474 	-0.740000 	-0.270000 	
1.010000 	-0.270000 	0.560000 	0.010000 	0.010000 	0.560000 	-0.270000 	1.010000 	

Bot won with result: 36
1.010000 	-0.270000 	0.560000 	0.010000 	0.010000 	0.560000 	-0.270000 	1.010000 	
-0.270000 	-0.740000 	-0.296474 	-0.080000 	-0.080000 	-0.296474 	-0.740000 	-0.270000 	
0.560000 	-0.296474 	0.116712 	0.008943 	0.008943 	0.116712 	-0.296474 	0.560000 	
0.010000 	-0.080000 	0.008943 	-0.010000 	-0.010000 	0.008943 	-0.080000 	0.010000 	
0.010000 	-0.080000 	0.008943 	-0.010000 	-0.010000 	0.008943 	-0.080000 	0.010000 	
0.560000 	-0.296474 	0.116712 	0.008943 	0.008943 	0.116712 	-0.296474 	0.560000 	
-0.270000 	-0.740000 	-0.296474 	-0.080000 	-0.080000 	-0.296474 	-0.740000 	-0.270000 	
1.010000 	-0.270000 	0.560000 	0.010000 	0.010000 	0.560000 	-0.270000 	1.010000 	

Bot won with result: 0
1.010000 	-0.270000 	0.560000 	0.006222 	0.006222 	0.560000 	-0.270000 	1.010000 	
-0.270000 	-0.737005 	-0.292548 	-0.080000 	-0.080000 	-0.292548 	-0.737005 	-0.270000 	
0.560000 	-0.292548 	0.116712 	0.008943 	0.008943 	0.116712 	-0.292548 	0.560000 	
0.006222 	-0.080000 	0.008943 	-0.010000 	-0.010000 	0.008943 	-0.080000 	0.006222 	
0.006222 	-0.080000 	0.008943 	-0.010000 	-0.010000 	0.008943 	-0.080000 	0.006222 	
0.560000 	-0.292548 	0.116712 	0.008943 	0.008943 	0.116712 	-0.292548 	0.560000 	
-0.270000 	-0.737005 	-0.292548 	-0.080000 	-0.080000 	-0.292548 	-0.737005 	-0.270000 	
1.010000 	-0.270000 	0.560000 	0.006222 	0.006222 	0.560000 	-0.270000 	1.010000 	
===========================
 Generation: 10
===========================
game done
game done
game done
game done
game done
game done
game done
game done

Bot won with result: 24
1.010000 	-0.430000 	0.380000 	0.070000 	0.000000 	0.420000 	-0.200000 	1.020000 	
-0.270000 	-0.740000 	-0.160000 	-0.140000 	-0.130000 	-0.250000 	-0.650000 	-0.390000 	
0.560000 	-0.300000 	0.120000 	0.050000 	-0.040000 	0.070000 	-0.150000 	0.480000 	
0.010000 	-0.080000 	0.010000 	-0.010000 	-0.040000 	-0.020000 	-0.120000 	0.030000 	
-0.100000 	-0.080000 	0.010000 	-0.010000 	-0.030000 	0.020000 	-0.040000 	-0.200000 	
0.590000 	-0.230000 	0.060000 	0.010000 	0.040000 	0.060000 	-0.190000 	0.350000 	
-0.060000 	-0.550000 	-0.180000 	-0.080000 	-0.150000 	-0.310000 	-0.820000 	-0.580000 	
0.960000 	-0.420000 	0.670000 	-0.020000 	-0.030000 	0.810000 	-0.510000 	1.010000 	

Bot won with result: -2
1.012146 	-0.270000 	0.563650 	0.008873 	0.008873 	0.563650 	-0.270000 	1.012146 	
-0.270000 	-0.740000 	-0.301906 	-0.078541 	-0.078541 	-0.301906 	-0.740000 	-0.270000 	
0.563650 	-0.301906 	0.124791 	0.005834 	0.005834 	0.124791 	-0.301906 	0.563650 	
0.008873 	-0.078541 	0.005834 	-0.009531 	-0.009531 	0.005834 	-0.078541 	0.008873 	
0.008873 	-0.078541 	0.005834 	-0.009531 	-0.009531 	0.005834 	-0.078541 	0.008873 	
0.563650 	-0.301906 	0.124791 	0.005834 	0.005834 	0.124791 	-0.301906 	0.563650 	
-0.270000 	-0.740000 	-0.301906 	-0.078541 	-0.078541 	-0.301906 	-0.740000 	-0.270000 	
1.012146 	-0.270000 	0.563650 	0.008873 	0.008873 	0.563650 	-0.270000 	1.012146 	

Bot won with result: 16
1.012146 	-0.270000 	0.563650 	0.008873 	0.008873 	0.563650 	-0.270000 	1.012146 	
-0.270000 	-0.740000 	-0.300000 	-0.078541 	-0.078541 	-0.300000 	-0.740000 	-0.270000 	
0.563650 	-0.300000 	0.120000 	0.010000 	0.010000 	0.120000 	-0.300000 	0.563650 	
0.008873 	-0.078541 	0.010000 	-0.010000 	-0.010000 	0.010000 	-0.078541 	0.008873 	
0.008873 	-0.078541 	0.010000 	-0.010000 	-0.010000 	0.010000 	-0.078541 	0.008873 	
0.563650 	-0.300000 	0.120000 	0.010000 	0.010000 	0.120000 	-0.300000 	0.563650 	
-0.270000 	-0.740000 	-0.300000 	-0.078541 	-0.078541 	-0.300000 	-0.740000 	-0.270000 	
1.012146 	-0.270000 	0.563650 	0.008873 	0.008873 	0.563650 	-0.270000 	1.012146 	

Bot won with result: 36
1.010000 	-0.270000 	0.560000 	0.010000 	0.010000 	0.560000 	-0.270000 	1.010000 	
-0.270000 	-0.740000 	-0.296474 	-0.080000 	-0.080000 	-0.296474 	-0.740000 	-0.270000 	
0.560000 	-0.296474 	0.116712 	0.008943 	0.008943 	0.116712 	-0.296474 	0.560000 	
0.010000 	-0.080000 	0.008943 	-0.010000 	-0.010000 	0.008943 	-0.080000 	0.010000 	
0.010000 	-0.080000 	0.008943 	-0.010000 	-0.010000 	0.008943 	-0.080000 	0.010000 	
0.560000 	-0.296474 	0.116712 	0.008943 	0.008943 	0.116712 	-0.296474 	0.560000 	
-0.270000 	-0.740000 	-0.296474 	-0.080000 	-0.080000 	-0.296474 	-0.740000 	-0.270000 	
1.010000 	-0.270000 	0.560000 	0.010000 	0.010000 	0.560000 	-0.270000 	1.010000 	
===========================
 Generation: 11
===========================
game done
game done
game done
game done
game done
game done
game done
game done

Bot won with result: -14
1.010000 	-0.270359 	0.560000 	0.010000 	0.010000 	0.560000 	-0.270359 	1.010000 	
-0.270359 	-0.742354 	-0.300000 	-0.080000 	-0.080000 	-0.300000 	-0.742354 	-0.270359 	
0.560000 	-0.300000 	0.120000 	0.010000 	0.010000 	0.120000 	-0.300000 	0.560000 	
0.010000 	-0.080000 	0.010000 	-0.010000 	-0.010000 	0.010000 	-0.080000 	0.010000 	
0.010000 	-0.080000 	0.010000 	-0.010000 	-0.010000 	0.010000 	-0.080000 	0.010000 	
0.560000 	-0.300000 	0.120000 	0.010000 	0.010000 	0.120000 	-0.300000 	0.560000 	
-0.270359 	-0.742354 	-0.300000 	-0.080000 	-0.080000 	-0.300000 	-0.742354 	-0.270359 	
1.010000 	-0.270359 	0.560000 	0.010000 	0.010000 	0.560000 	-0.270359 	1.010000 	

Bot won with result: 20
1.010000 	-0.270000 	0.560000 	0.010000 	0.010000 	0.560000 	-0.270000 	1.010000 	
-0.270000 	-0.738326 	-0.295258 	-0.075933 	-0.075933 	-0.295258 	-0.738326 	-0.270000 	
0.560000 	-0.295258 	0.120000 	0.010000 	0.010000 	0.120000 	-0.295258 	0.560000 	
0.010000 	-0.075933 	0.010000 	-0.010303 	-0.010303 	0.010000 	-0.075933 	0.010000 	
0.010000 	-0.075933 	0.010000 	-0.010303 	-0.010303 	0.010000 	-0.075933 	0.010000 	
0.560000 	-0.295258 	0.120000 	0.010000 	0.010000 	0.120000 	-0.295258 	0.560000 	
-0.270000 	-0.738326 	-0.295258 	-0.075933 	-0.075933 	-0.295258 	-0.738326 	-0.270000 	
1.010000 	-0.270000 	0.560000 	0.010000 	0.010000 	0.560000 	-0.270000 	1.010000 	

Bot won with result: -4
1.012146 	-0.270000 	0.563650 	0.009291 	0.009291 	0.563650 	-0.270000 	1.012146 	
-0.270000 	-0.740000 	-0.298406 	-0.078541 	-0.078541 	-0.298406 	-0.740000 	-0.270000 	
0.563650 	-0.298406 	0.122528 	0.008703 	0.008703 	0.122528 	-0.298406 	0.563650 	
0.009291 	-0.078541 	0.008703 	-0.010000 	-0.010000 	0.008703 	-0.078541 	0.009291 	
0.009291 	-0.078541 	0.008703 	-0.010000 	-0.010000 	0.008703 	-0.078541 	0.009291 	
0.563650 	-0.298406 	0.122528 	0.008703 	0.008703 	0.122528 	-0.298406 	0.563650 	
-0.270000 	-0.740000 	-0.298406 	-0.078541 	-0.078541 	-0.298406 	-0.740000 	-0.270000 	
1.012146 	-0.270000 	0.563650 	0.009291 	0.009291 	0.563650 	-0.270000 	1.012146 	

Bot won with result: 0
1.012146 	-0.270000 	0.563650 	0.008873 	0.008873 	0.563650 	-0.270000 	1.012146 	
-0.270000 	-0.740000 	-0.301906 	-0.078541 	-0.078541 	-0.301906 	-0.740000 	-0.270000 	
0.563650 	-0.301906 	0.124791 	0.005834 	0.005834 	0.124791 	-0.301906 	0.563650 	
0.008873 	-0.078541 	0.005834 	-0.009531 	-0.009531 	0.005834 	-0.078541 	0.008873 	
0.008873 	-0.078541 	0.005834 	-0.009531 	-0.009531 	0.005834 	-0.078541 	0.008873 	
0.563650 	-0.301906 	0.124791 	0.005834 	0.005834 	0.124791 	-0.301906 	0.563650 	
